1607827114460 1836.5516449214153 0
1607827114462 1806.191523775465 1
1607827114464 1773.2836175477128 2
1607827114466 1747.59995253288 3
1607827114468 1717.0988642822815 4
1607827114470 1689.5336581420802 5
1607827114471 1663.646666142632 6
1607827114472 1639.2380522109788 7
1607827114474 1618.351043670072 8
1607827114475 1598.3151055988865 9
1607827114477 1577.4128600398365 10
1607827114478 1557.8596745946097 11
1607827114480 1535.960958696134 12
1607827114481 1515.2492747191902 13
1607827114482 1498.0052945393124 14
1607827114484 1480.5432749173306 15
1607827114485 1464.814952066072 16
1607827114486 1449.9903663687 17
1607827114488 1436.0935547549677 18
1607827114489 1421.7900820647046 19
1607827114491 1405.598890594242 20
1607827114492 1391.468032630526 21
1607827114494 1379.946724638011 22
1607827114495 1370.4323098611317 23
1607827114496 1357.239314369376 24
1607827114498 1346.5812442541726 25
1607827114499 1337.577040676944 26
1607827114501 1326.140581428616 27
1607827114502 1315.5676600321797 28
1607827114503 1304.8858377919448 29
1607827114505 1295.7223107699547 30
1607827114506 1287.3872482439235 31
1607827114508 1276.4992904904436 32
1607827114509 1265.1665909798496 33
1607827114511 1257.2999236699393 34
1607827114512 1251.089118951753 35
1607827114514 1242.4667835919454 36
1607827114515 1234.140128513651 37
1607827114517 1224.4909347215657 38
1607827114518 1217.432075926382 39
1607827114519 1209.7161361186163 40
1607827114521 1200.124688098711 41
1607827114522 1194.0605360453387 42
1607827114523 1188.278437823453 43
1607827114525 1184.4420251939287 44
1607827114526 1175.0775285179304 45
1607827114528 1170.986437509643 46
1607827114529 1163.8451775518947 47
1607827114531 1158.321144428976 48
1607827114532 1153.7587104195882 49
1607827114533 1147.1793539321925 50
1607827114535 1140.0548959872797 51
1607827114536 1134.0863868336016 52
1607827114537 1127.7292179254985 53
1607827114539 1122.970660978429 54
1607827114540 1117.365611610789 55
1607827114542 1112.5256907027708 56
1607827114543 1108.5497446030902 57
1607827114545 1104.0506376869366 58
1607827114546 1098.710482623169 59
1607827114548 1092.2155225505257 60
1607827114550 1088.720556703933 61
1607827114551 1083.3903902601646 62
1607827114553 1077.328420259308 63
1607827114554 1072.0707825586844 64
1607827114556 1068.9869330182657 65
1607827114557 1064.2609521481781 66
1607827114558 1060.2530551828638 67
1607827114560 1055.622445532149 68
1607827114561 1052.268905146729 69
1607827114563 1046.6948131926627 70
1607827114564 1042.8790547693686 71
1607827114566 1039.455606681209 72
1607827114567 1035.3629532284979 73
1607827114568 1029.841446692194 74
1607827114570 1025.78495857789 75
1607827114571 1022.1383896293944 76
1607827114573 1020.0021187394635 77
1607827114574 1016.7753881763862 78
1607827114575 1014.7806850365123 79
1607827114577 1010.7788701811957 80
1607827114578 1006.8634589480267 81
1607827114580 1003.816603259562 82
1607827114581 1001.2903757149247 83
1607827114583 994.1156523674941 84
1607827114584 991.7976805274276 85
1607827114585 990.3997252105383 86
1607827114587 987.0461781315377 87
1607827114588 984.1260614400962 88
1607827114590 980.004889336264 89
1607827114591 978.8908198664572 90
1607827114592 977.2234902098229 91
1607827114594 974.4203321611755 92
1607827114595 971.5106934842061 93
1607827114597 965.388059507937 94
1607827114598 963.1509680115996 95
1607827114599 961.1981309447783 96
1607827114601 957.4383105863841 97
1607827114602 955.0207562529209 98
1607827114604 954.0973686856122 99
1607827114605 952.1994528060011 100
1607827114606 950.148798182686 101
1607827114608 947.5976283669511 102
1607827114609 945.3024927141266 103
1607827114611 943.4681505027626 104
1607827114612 940.6809048783509 105
1607827114614 936.0763332826444 106
1607827114615 931.7161607442458 107
1607827114616 930.3675905749402 108
1607827114618 929.5463129938342 109
1607827114619 926.204160219153 110
1607827114621 924.5412743880065 111
1607827114622 920.8083755903016 112
1607827114623 917.6415440631565 113
1607827114625 912.6420719573423 114
1607827114626 908.7692609437129 115
1607827114628 906.9660092508891 116
1607827114629 906.0515988151041 117
1607827114630 904.1994215338369 118
1607827114632 901.6751601282486 119
1607827114633 899.475758084181 120
1607827114635 897.2266654648861 121
1607827114636 892.5972541314296 122
1607827114637 888.7717186763163 123
1607827114639 886.2369052683138 124
1607827114640 883.8157137454981 125
1607827114642 881.703362438537 126
1607827114643 879.208757695293 127
1607827114644 876.3189239906753 128
1607827114646 873.4408186564717 129
1607827114647 871.3698951262733 130
1607827114649 868.6865886599012 131
1607827114650 865.8296018205458 132
1607827114652 863.7886032672551 133
1607827114653 861.316299722867 134
1607827114654 858.8112511114538 135
1607827114656 857.9562599232976 136
1607827114657 854.4239101398994 137
1607827114659 851.7816454745046 138
1607827114660 850.115200711436 139
1607827114661 846.3306899317103 140
1607827114663 843.7275742740662 141
1607827114664 841.4389338836519 142
1607827114666 839.1158540036987 143
1607827114667 836.8253510380724 144
1607827114669 831.0442942537502 145
1607827114670 828.9711181199793 146
1607827114671 826.0265041314756 147
1607827114673 824.9981277879405 148
1607827114674 822.4503075514469 149
1607827114676 819.1247056245262 150
1607827114677 817.3915295522651 151
1607827114678 816.5860602565499 152
1607827114680 815.9406256328418 153
1607827114681 812.7409465256238 154
1607827114683 811.3479663223715 155
1607827114684 809.3194517476682 156
1607827114686 808.1616675937579 157
1607827114687 804.2885275312967 158
1607827114688 801.5539551193554 159
1607827114690 800.5436859067327 160
1607827114691 797.1796399244873 161
1607827114693 794.9021630158029 162
1607827114694 791.9775408269205 163
1607827114695 790.770052229613 164
1607827114697 789.1202803854547 165
1607827114699 788.3259368077083 166
1607827114700 785.5313564045548 167
1607827114702 782.9209868619073 168
1607827114703 780.7985985623311 169
1607827114705 776.2082514828501 170
1607827114706 774.1658161248802 171
1607827114707 772.1877935396224 172
1607827114709 770.1534909218731 173
1607827114710 766.8740742442379 174
1607827114712 763.896376774926 175
1607827114713 760.6187229571028 176
1607827114715 759.2371757250874 177
1607827114716 757.5853524273124 178
1607827114717 755.9361543153312 179
1607827114719 754.5734887016413 180
1607827114720 754.126352022288 181
1607827114722 753.5639342745435 182
1607827114723 751.9843893414353 183
1607827114724 750.0311877176321 184
1607827114726 749.1360404708258 185
1607827114727 747.4397920136887 186
1607827114729 744.8802939398001 187
1607827114730 742.4425777122426 188
1607827114732 740.5790772626999 189
1607827114733 739.8696122012036 190
1607827114734 738.5958925342427 191
1607827114736 736.5915237160857 192
1607827114737 735.4560729656832 193
1607827114739 734.6390712447844 194
1607827114740 731.5929694986261 195
1607827114741 730.4911503655946 196
1607827114743 729.242250298503 197
1607827114744 727.1534197890662 198
1607827114746 726.0761641024171 199
1607827114747 725.3308739006031 200
1607827114748 723.6673332136613 201
1607827114750 722.8545183191068 202
1607827114751 719.3079987664146 203
1607827114753 718.0609222089655 204
1607827114754 715.1074588341322 205
1607827114755 713.1033188552651 206
1607827114757 712.031533163947 207
1607827114758 710.0445444859934 208
1607827114760 708.9590697226544 209
1607827114761 708.1905047112394 210
1607827114762 707.1741150028065 211
1607827114764 706.1375520019903 212
1607827114765 703.7452928452575 213
1607827114767 701.9894346607202 214
1607827114768 700.8864970040014 215
1607827114770 699.6817103386103 216
1607827114771 696.5970245193429 217
1607827114772 694.5563079939831 218
1607827114774 692.9789212430089 219
1607827114775 689.5063430486092 220
1607827114777 687.725376976311 221
1607827114778 686.5874134279961 222
1607827114779 684.6618779960546 223
1607827114781 683.2554666114195 224
1607827114782 682.2510013898454 225
1607827114784 680.003514888144 226
1607827114785 678.5012506707459 227
1607827114787 678.1618162963674 228
1607827114788 677.037323998068 229
1607827114789 676.3170897826649 230
1607827114791 675.2109923592325 231
1607827114792 674.0183883091989 232
1607827114794 672.9880673383001 233
1607827114795 672.0321335476183 234
1607827114796 670.3925827524745 235
1607827114798 669.6924106456514 236
1607827114799 667.9069618952936 237
1607827114801 666.3419538877769 238
1607827114802 664.3654705862018 239
1607827114804 662.1892158160978 240
1607827114805 660.1623245286502 241
1607827114806 658.453249809047 242
1607827114808 657.2658344531062 243
1607827114809 654.5858633193767 244
1607827114811 654.1766128898853 245
1607827114812 652.4207142725872 246
1607827114814 651.1183677549495 247
1607827114815 649.8533395099535 248
1607827114816 647.6272806169922 249
1607827114818 646.2953962974741 250
1607827114819 645.0881025896404 251
1607827114821 643.5864360672825 252
1607827114822 641.2542567348266 253
1607827114823 639.9263379948517 254
1607827114825 638.1956927932333 255
1607827114826 637.0909178409522 256
1607827114828 636.2947467391767 257
1607827114829 635.0952543045671 258
1607827114830 632.8282742244152 259
1607827114832 631.5042462575692 260
1607827114833 629.2708837838244 261
1607827114835 627.5513700781953 262
1607827114836 625.950133706377 263
1607827114837 625.3413284773964 264
1607827114839 623.6024850831659 265
1607827114840 622.2806318213193 266
1607827114842 620.0647652139749 267
1607827114843 619.5588524641091 268
1607827114844 617.7998567058997 269
1607827114846 617.3216311666057 270
1607827114847 616.3539950719842 271
1607827114849 615.4835525590074 272
1607827114850 614.6256604697771 273
1607827114852 614.189736553286 274
1607827114853 613.5645466668067 275
1607827114854 612.0961112124672 276
1607827114856 610.9687768292652 277
1607827114857 610.4813167804962 278
1607827114859 608.6476194659261 279
1607827114860 606.6601042529412 280
1607827114861 605.8160343532986 281
1607827114863 604.0941909892729 282
1607827114864 601.0284070525968 283
1607827114866 600.1618128154047 284
1607827114867 599.8516021229769 285
1607827114868 599.1985427346367 286
1607827114870 597.4094594361453 287
1607827114871 596.1806649509883 288
1607827114873 595.473473427262 289
1607827114874 594.3896868299177 290
1607827114875 592.8171619363014 291
1607827114877 591.4463665710316 292
1607827114878 588.7824822404988 293
1607827114880 586.9593886378116 294
1607827114881 585.488613304277 295
1607827114883 583.8258654615456 296
1607827114884 582.185516978746 297
1607827114885 581.670520335846 298
1607827114887 580.8287882086604 299
1607827114888 579.4337006774927 300
1607827114890 578.1396701845857 301
1607827114891 575.224411098797 302
1607827114893 574.4054179758322 303
1607827114894 572.9497452009448 304
1607827114895 571.5100230099591 305
1607827114897 569.690962016299 306
1607827114898 568.2237598421791 307
1607827114900 567.1843920565472 308
1607827114902 566.3154409946137 309
1607827114903 564.9076132503925 310
1607827114904 564.360572824414 311
1607827114906 562.3138086400169 312
1607827114907 560.9262967378627 313
1607827114909 559.6426448129281 314
1607827114910 556.9271618365495 315
1607827114912 555.7953698734578 316
1607827114913 554.7627393514218 317
1607827114914 553.9943204032988 318
1607827114916 552.6186941014173 319
1607827114917 551.5544301749865 320
1607827114919 551.0707866394365 321
1607827114920 549.6737851568347 322
1607827114921 547.8609850561115 323
1607827114923 546.9361925519726 324
1607827114924 545.8865993784086 325
1607827114926 543.7149980085721 326
1607827114927 542.3500766929011 327
1607827114928 541.8468758436061 328
1607827114930 541.2092451420203 329
1607827114931 540.3947610576489 330
1607827114933 538.8973498977203 331
1607827114934 538.3303248109012 332
1607827114936 537.6202077470083 333
1607827114937 536.759123772485 334
1607827114938 536.0727033486636 335
1607827114940 535.1385869668655 336
1607827114941 534.1500435336623 337
1607827114943 533.6217447937147 338
1607827114944 532.7513730164025 339
1607827114945 531.9719353150298 340
1607827114947 531.4030071393038 341
1607827114948 530.0234313225004 342
1607827114950 528.6013345515468 343
1607827114951 526.8447376163624 344
1607827114952 525.6801788494993 345
1607827114954 523.2681605675577 346
1607827114955 521.8322812260783 347
1607827114957 520.8773511642006 348
1607827114958 519.05747265028 349
1607827114959 518.210409690556 350
1607827114961 517.8472671235047 351
1607827114962 517.0864653192609 352
1607827114964 515.8841746225493 353
1607827114965 514.4145681737946 354
1607827114967 513.0704235871417 355
1607827114968 511.7611876406706 356
1607827114969 510.17796724354514 357
1607827114971 508.7176389582139 358
1607827114972 507.5324689136073 359
1607827114974 506.4545660092532 360
1607827114975 504.60993560079675 361
1607827114976 503.92709074115953 362
1607827114978 503.56826767682395 363
1607827114979 501.2003870515461 364
1607827114981 499.7799291327278 365
1607827114982 498.8218818791322 366
1607827114984 498.1777362003236 367
1607827114985 497.7323831910248 368
1607827114986 497.26623818023154 369
1607827114988 496.7203078063551 370
1607827114989 495.6736222178597 371
1607827114991 495.13962749025035 372
1607827114992 494.8912537781316 373
1607827114993 493.5459524812453 374
1607827114995 492.5903052947797 375
1607827114996 490.9861346731224 376
1607827114998 489.99255351916315 377
1607827114999 487.98958122565335 378
1607827115000 486.82201051156875 379
1607827115002 486.2328116295145 380
1607827115003 485.079329471667 381
1607827115005 484.1696984619635 382
1607827115006 483.2518971887237 383
1607827115007 482.43756780173527 384
1607827115009 480.24749093517084 385
1607827115010 479.2767157160209 386
1607827115012 477.53120802168706 387
1607827115013 476.9586663758224 388
1607827115014 475.2062251051052 389
1607827115016 474.6006988093783 390
1607827115017 473.3596671384734 391
1607827115019 472.5152573021087 392
1607827115020 471.31860699868224 393
1607827115022 470.9863709915382 394
1607827115023 469.59118637137004 395
1607827115024 468.7251929557099 396
1607827115026 468.49885733607624 397
1607827115027 467.8038142453795 398
1607827115029 466.98803888104544 399
1607827115030 466.43656814206463 400
1607827115031 464.0274359838065 401
1607827115033 462.680236293463 402
1607827115034 461.9733371252316 403
1607827115036 461.0732731152136 404
1607827115037 460.4708137218947 405
1607827115038 459.9790594382135 406
1607827115040 459.51504571386056 407
1607827115041 457.38644378240525 408
1607827115043 455.4376913865511 409
1607827115044 454.22888412746715 410
1607827115046 454.0569916666636 411
1607827115047 453.41183090302724 412
1607827115048 453.01759424435915 413
1607827115050 452.507907044497 414
1607827115051 451.4563017604228 415
1607827115053 450.7239207150226 416
1607827115054 449.9565343861188 417
1607827115055 448.3560949775543 418
1607827115057 447.54007482760835 419
1607827115058 446.14815577566804 420
1607827115060 445.2697977341009 421
1607827115061 444.35827999994314 422
1607827115062 443.0683948072469 423
1607827115064 441.4098108073911 424
1607827115065 440.23287909901376 425
1607827115067 439.85888155939347 426
1607827115068 438.9979949776564 427
1607827115070 438.62643646598315 428
1607827115071 437.2407452039848 429
1607827115072 435.6741479739262 430
1607827115074 434.5365553873099 431
1607827115075 433.7806752196243 432
1607827115077 432.73284384914854 433
1607827115078 431.6090386645132 434
1607827115080 431.3494722555601 435
1607827115081 430.8570102797213 436
1607827115082 430.0160136891038 437
1607827115084 429.09623514263086 438
1607827115085 428.22959976071735 439
1607827115087 427.5555509094465 440
1607827115088 426.0597989365732 441
1607827115089 425.24400354653494 442
1607827115091 424.79757715888167 443
1607827115092 423.5711708534464 444
1607827115094 422.9434633076664 445
1607827115095 422.34531664822515 446
1607827115096 421.6800876919747 447
1607827115098 420.3449481800123 448
1607827115099 418.9353853705844 449
1607827115101 418.2428458726126 450
1607827115102 416.92428638397047 451
1607827115104 415.377574925166 452
1607827115105 414.6894047797978 453
1607827115106 413.69504893571747 454
1607827115108 413.3767449104732 455
1607827115109 412.9681600452057 456
1607827115111 411.3951633215431 457
1607827115112 409.786619702456 458
1607827115113 409.29613063056996 459
1607827115115 408.5873513759652 460
1607827115116 407.86106543241067 461
1607827115118 406.8525531785982 462
1607827115119 406.47074550630265 463
1607827115120 405.80764869988946 464
1607827115122 405.39842720890016 465
1607827115123 404.41978848932575 466
1607827115125 403.1014438938198 467
1607827115126 402.3394235823787 468
1607827115128 402.09005443567753 469
1607827115129 401.08502172978996 470
1607827115130 400.7701681175923 471
1607827115132 400.3026491649881 472
1607827115133 398.92653177607417 473
1607827115135 397.99717664823635 474
1607827115136 396.91895844625645 475
1607827115137 396.4767773715636 476
1607827115139 395.562586358138 477
1607827115140 394.2298759525702 478
1607827115142 393.11842344122033 479
1607827115143 392.91264711087933 480
1607827115144 392.3038267500291 481
1607827115146 391.76668960551996 482
1607827115147 391.1831605080585 483
1607827115149 390.2029286607371 484
1607827115150 389.9493667790521 485
1607827115151 389.0927262980139 486
1607827115153 388.3708258142026 487
1607827115154 388.0147371684053 488
1607827115156 387.55913663777795 489
1607827115157 387.04419806807925 490
1607827115158 386.460908874766 491
1607827115160 385.7944525872027 492
1607827115161 385.0095323652824 493
1607827115163 384.115679186265 494
1607827115164 383.4767090093587 495
1607827115166 382.59656198266134 496
1607827115167 381.9105672281893 497
1607827115168 380.7538717262655 498
1607827115170 380.415161018744 499
1607827115171 379.76083412794753 500
1607827115173 379.0682706915223 501
1607827115174 378.73381082406405 502
1607827115175 377.84248409259857 503
1607827115177 377.1214045439426 504
1607827115178 376.67524370931324 505
1607827115180 376.0636072223186 506
1607827115181 374.8912492464797 507
1607827115182 374.06533762039606 508
1607827115184 373.54813334122645 509
1607827115185 373.1503864463878 510
1607827115187 372.4768621164549 511
1607827115188 371.9588690035356 512
1607827115189 370.70157379187646 513
1607827115191 370.0172978964202 514
1607827115192 369.1867724036774 515
1607827115194 368.0536840367306 516
1607827115195 367.63037338976517 517
1607827115197 366.53170034108103 518
1607827115198 365.6035362322839 519
1607827115199 364.5341624946634 520
1607827115201 363.8584595317998 521
1607827115202 362.99222393103713 522
1607827115204 362.33858736813323 523
1607827115205 362.04430080900676 524
1607827115206 360.41006348778893 525
1607827115208 360.15683544994664 526
1607827115209 359.477159256895 527
1607827115211 359.21823158642064 528
1607827115212 357.85896365060484 529
1607827115213 357.1589672442985 530
1607827115215 357.006436924064 531
1607827115216 356.02053984401664 532
1607827115218 355.61063813724587 533
1607827115219 355.0780856452128 534
1607827115220 354.27662463591315 535
1607827115222 353.210251980292 536
1607827115223 352.8259022945022 537
1607827115225 352.3858197490301 538
1607827115226 351.91737302991106 539
1607827115228 350.83455489910284 540
1607827115229 350.04280209508 541
1607827115230 349.4353978379024 542
1607827115232 348.6346009768945 543
1607827115233 347.95874983537135 544
1607827115235 347.5909977076549 545
1607827115236 347.1373584547404 546
1607827115237 346.0145062422843 547
1607827115239 345.2849065511989 548
1607827115240 344.6155888001137 549
1607827115242 343.9028847024367 550
1607827115246 418.2428458726126 551
