1607829266863 1850.8484070175023 0
1607829266866 1832.128985040515 1
1607829266867 1812.0504038309891 2
1607829266869 1793.924903008854 3
1607829266870 1776.3614630795462 4
1607829266872 1758.0922843452 5
1607829266873 1740.6523278780835 6
1607829266875 1723.7907691652615 7
1607829266877 1709.0659276751046 8
1607829266878 1693.7342368663021 9
1607829266880 1678.0430344861636 10
1607829266881 1663.1559078793064 11
1607829266883 1649.6967565563389 12
1607829266884 1634.8622198954347 13
1607829266886 1619.4646843456114 14
1607829266887 1606.094387947587 15
1607829266888 1592.542568606744 16
1607829266890 1580.725232975997 17
1607829266891 1567.8680714874486 18
1607829266893 1554.2836381610155 19
1607829266894 1544.2057762025875 20
1607829266896 1532.6801628287185 21
1607829266897 1521.049843666326 22
1607829266899 1510.3877601175059 23
1607829266900 1500.266156663929 24
1607829266902 1489.6774889857973 25
1607829266903 1479.715166045631 26
1607829266905 1468.6573741979214 27
1607829266906 1458.9007033880666 28
1607829266907 1449.426817509737 29
1607829266909 1441.1299499060517 30
1607829266911 1433.3694693494308 31
1607829266912 1425.4741364822532 32
1607829266915 1417.0567681147982 33
1607829266916 1408.2491700940716 34
1607829266918 1400.6778736289375 35
1607829266919 1393.7887088125742 36
1607829266921 1385.816877147873 37
1607829266922 1377.680367862376 38
1607829266924 1370.5647426971334 39
1607829266925 1364.8925128036426 40
1607829266927 1360.2440349597796 41
1607829266928 1355.081338813796 42
1607829266930 1349.2166686159944 43
1607829266931 1341.7083789444905 44
1607829266933 1336.2634491416316 45
1607829266934 1330.5763957526601 46
1607829266936 1324.458459040797 47
1607829266937 1320.155415306444 48
1607829266939 1314.8080025692282 49
1607829266940 1309.0078934293313 50
1607829266942 1303.8014443031038 51
1607829266943 1297.1585355253076 52
1607829266945 1290.2725908832883 53
1607829266947 1285.7298078021379 54
1607829266948 1281.8611777858682 55
1607829266950 1276.152150332278 56
1607829266951 1270.2894660637503 57
1607829266953 1264.4749532805738 58
1607829266954 1258.464127932255 59
1607829266956 1252.3011868541355 60
1607829266957 1246.1728435588025 61
1607829266959 1241.1303851669777 62
1607829266961 1235.9676271884869 63
1607829266962 1229.9668211316005 64
1607829266963 1224.2441167513296 65
1607829266965 1219.384467196933 66
1607829266966 1215.3778001936503 67
1607829266968 1209.1026286217361 68
1607829266969 1205.0710183575643 69
1607829266971 1200.1992777230832 70
1607829266972 1195.3412704229165 71
1607829266974 1190.8059273938181 72
1607829266975 1186.0360923268443 73
1607829266977 1182.0646436813036 74
1607829266978 1177.3960419849675 75
1607829266980 1172.719061504413 76
1607829266981 1167.1976983072836 77
1607829266983 1163.244030741269 78
1607829266984 1159.2063205578422 79
1607829266986 1156.4351555034307 80
1607829266987 1152.8786739258662 81
1607829266988 1149.3430836282478 82
1607829266990 1146.2307506997372 83
1607829266991 1142.5949004171598 84
1607829266993 1138.9168850686874 85
1607829266994 1136.0572457351047 86
1607829266996 1132.947392649894 87
1607829266997 1128.059268210173 88
1607829266999 1124.4167041668502 89
1607829267000 1120.9120952509359 90
1607829267001 1117.6783453695953 91
1607829267003 1114.1911810956444 92
1607829267004 1111.601659332305 93
1607829267006 1108.4604181441118 94
1607829267007 1106.3778751320253 95
1607829267009 1104.0048769979721 96
1607829267010 1101.202332405521 97
1607829267012 1098.263263484157 98
1607829267013 1096.5681761018338 99
1607829267015 1092.6248578132236 100
1607829267016 1090.2713249333895 101
1607829267018 1087.2326823072005 102
1607829267019 1083.2958165978387 103
1607829267020 1080.0045545296143 104
1607829267022 1078.4507011803196 105
1607829267023 1076.1507172854278 106
1607829267025 1072.9341439147954 107
1607829267026 1070.4949484649264 108
1607829267028 1069.3649668218018 109
1607829267029 1066.7122254945152 110
1607829267030 1063.6227525918662 111
1607829267032 1060.72453875619 112
1607829267033 1058.614280956092 113
1607829267035 1057.5225716318487 114
1607829267036 1054.9175325152619 115
1607829267038 1053.5837089659085 116
1607829267039 1050.9438241286919 117
1607829267040 1048.8831175091811 118
1607829267042 1046.249339055805 119
1607829267043 1043.5232446927007 120
1607829267045 1041.9705675938908 121
1607829267046 1039.7293770841252 122
1607829267048 1038.032682875958 123
1607829267049 1036.0363879624008 124
1607829267051 1033.7942573699686 125
1607829267052 1032.5501243316057 126
1607829267053 1031.2261901930995 127
1607829267055 1029.0988478772297 128
1607829267056 1027.0458387187032 129
1607829267058 1025.0572157652862 130
1607829267059 1022.9207314612977 131
1607829267061 1021.5849584437514 132
1607829267062 1020.2271694402342 133
1607829267063 1019.0204905769947 134
1607829267065 1017.4223266689187 135
1607829267066 1015.8992325896974 136
1607829267068 1014.1310827165141 137
1607829267069 1012.0071039042117 138
1607829267070 1010.2698847188343 139
1607829267072 1008.960139602282 140
1607829267073 1006.3768241217479 141
1607829267075 1005.2496694133412 142
1607829267076 1003.8259676744775 143
1607829267078 1003.1998956277379 144
1607829267079 1002.1219054122463 145
1607829267080 999.3131088081165 146
1607829267082 996.3527100600095 147
1607829267083 993.0549337431754 148
1607829267085 989.8794399623627 149
1607829267086 988.5577239584801 150
1607829267088 987.3394147855884 151
1607829267089 985.4916542353657 152
1607829267090 983.7270598394323 153
1607829267092 982.3860112137389 154
1607829267093 981.7865339292385 155
1607829267095 979.9718545702236 156
1607829267096 978.6567289563518 157
1607829267098 977.42484053911 158
1607829267099 976.4722630631868 159
1607829267100 974.0545520966584 160
1607829267102 972.308299748137 161
1607829267103 970.6567904950241 162
1607829267105 968.6472984597808 163
1607829267106 967.5047466646653 164
1607829267107 966.170278523285 165
1607829267109 965.0900762504403 166
1607829267110 964.1780933984238 167
1607829267112 961.4770628808864 168
1607829267113 958.5213950768948 169
1607829267115 956.3193981195751 170
1607829267116 955.0169458224658 171
1607829267117 953.2905500570719 172
1607829267119 951.5281178037271 173
1607829267120 949.7554096255864 174
1607829267122 948.0843113436986 175
1607829267123 945.0940506350652 176
1607829267124 943.151490184654 177
1607829267126 942.0690296923577 178
1607829267127 940.6820012108451 179
1607829267129 938.6863306227146 180
1607829267130 936.5966691759446 181
1607829267131 935.2058925126703 182
1607829267133 934.0310470479121 183
1607829267134 932.717554712979 184
1607829267136 930.8740636701644 185
1607829267137 929.3756258283335 186
1607829267139 928.4420111047505 187
1607829267140 927.6408375214453 188
1607829267141 925.5234498115617 189
1607829267143 924.0290844443948 190
1607829267144 922.5822041404527 191
1607829267146 919.3861011288333 192
1607829267147 918.1872320394075 193
1607829267148 917.5751907049964 194
1607829267150 915.9629910349664 195
1607829267151 914.9671616155774 196
1607829267153 914.2742760743982 197
1607829267154 913.3204718376861 198
1607829267156 910.6332235032845 199
1607829267157 909.7388695908994 200
1607829267158 907.2663278998846 201
1607829267160 906.5108919684388 202
1607829267161 905.1415977885799 203
1607829267163 904.3541930516137 204
1607829267164 903.33308149363 205
1607829267165 901.7455371890892 206
1607829267167 900.5095878920133 207
1607829267169 898.1716509199953 208
1607829267170 897.6236143774369 209
1607829267171 895.7663306969373 210
1607829267173 893.7181901511626 211
1607829267174 892.2730671968383 212
1607829267176 891.0012991165 213
1607829267177 888.8786392596065 214
1607829267179 888.3201906780522 215
1607829267180 887.8067344384272 216
1607829267181 885.0860778118644 217
1607829267183 882.9782938477131 218
1607829267184 881.7961806541626 219
1607829267186 880.5018814515621 220
1607829267187 879.2159720394914 221
1607829267188 877.118910617651 222
1607829267190 874.3570576247473 223
1607829267191 872.1307377159311 224
1607829267193 870.3964791870972 225
1607829267194 869.3717269214712 226
1607829267195 868.6082541850558 227
1607829267197 868.0088979625212 228
1607829267198 865.8879897668673 229
1607829267200 865.0302773965144 230
1607829267201 863.9178347772053 231
1607829267203 863.5170845022282 232
1607829267204 862.6425552515468 233
1607829267205 861.5637958062395 234
1607829267207 860.1457606237508 235
1607829267208 858.653274062332 236
1607829267210 857.5316669881553 237
1607829267211 856.3751424950134 238
1607829267212 854.4530275354377 239
1607829267214 853.778851045821 240
1607829267215 852.6117739967594 241
1607829267217 851.0577289579439 242
1607829267218 848.955641122845 243
1607829267220 847.6585117265352 244
1607829267221 846.1172354365963 245
1607829267222 845.3459547982426 246
1607829267224 844.2908647759094 247
1607829267225 843.1861734365734 248
1607829267227 842.4333649034646 249
1607829267228 841.9283632375158 250
1607829267229 841.3434626836438 251
1607829267231 839.6600666336807 252
1607829267232 838.2749057306372 253
1607829267234 837.5124633227823 254
1607829267235 835.3405358358555 255
1607829267236 832.8175331429703 256
1607829267238 830.6903462709706 257
1607829267239 829.1440325874353 258
1607829267241 827.6331001193832 259
1607829267242 825.9483091093031 260
1607829267244 823.6484578849835 261
1607829267245 821.8716042052519 262
1607829267247 820.3277905941567 263
1607829267248 818.7654108797299 264
1607829267249 818.2609068238062 265
1607829267251 817.8564549875159 266
1607829267252 816.8340703333881 267
1607829267254 814.9255278176302 268
1607829267255 812.3595492464542 269
1607829267257 811.5986712441796 270
1607829267258 810.3462952807912 271
1607829267260 808.3343154645935 272
1607829267261 807.1333528215999 273
1607829267262 806.6752026258359 274
1607829267264 805.3376053613788 275
1607829267265 803.4839675210267 276
1607829267267 802.2528827169464 277
1607829267268 801.0884902348272 278
1607829267270 800.0627278593732 279
1607829267271 799.1223667480461 280
1607829267272 798.1187657359468 281
1607829267274 796.4523728561063 282
1607829267275 793.7722163328939 283
1607829267277 793.1270328913849 284
1607829267278 791.772752151987 285
1607829267279 791.0082092880521 286
1607829267281 790.2737499730754 287
1607829267282 789.3933824065101 288
1607829267284 787.7172014078795 289
1607829267285 787.1078604583355 290
1607829267287 786.1963168397884 291
1607829267288 784.0096735992204 292
1607829267290 782.41080476679 293
1607829267291 781.3610380967791 294
1607829267292 780.9981935461675 295
1607829267294 779.7356499355009 296
1607829267295 778.746054482666 297
1607829267297 777.4474232760128 298
1607829267298 775.4933310891862 299
1607829267300 774.742753130711 300
1607829267301 773.4513264978 301
1607829267302 772.847731661613 302
1607829267304 771.0905029189973 303
1607829267305 769.7967280633263 304
1607829267307 768.1051399102 305
1607829267308 766.5983493937855 306
1607829267310 765.8424505348681 307
1607829267311 764.3350308898915 308
1607829267312 762.2253746470877 309
1607829267314 761.2759773872586 310
1607829267315 759.7204604307332 311
1607829267317 758.1138101788671 312
1607829267318 756.4019341498027 313
1607829267320 755.5596381952781 314
1607829267321 754.4351831591206 315
1607829267322 753.7908218211167 316
1607829267324 752.5836421686772 317
1607829267325 751.4802183850941 318
1607829267327 750.6430875016019 319
1607829267328 748.1033485906634 320
1607829267330 747.0103440126983 321
1607829267331 745.6013630316185 322
1607829267332 744.5109989329286 323
1607829267334 743.4744150444768 324
1607829267335 741.6210298776372 325
1607829267337 740.9622896050223 326
1607829267338 739.8519767103224 327
1607829267339 737.5969072428386 328
1607829267341 736.2556640022825 329
1607829267342 735.1919435516172 330
1607829267344 733.9338347670957 331
1607829267345 733.5427426718087 332
1607829267347 732.7336028715446 333
1607829267348 730.8933477958509 334
1607829267350 730.2916620278113 335
1607829267351 729.4015416762462 336
1607829267352 728.1478464911127 337
1607829267354 726.9488077221299 338
1607829267355 725.0559231888479 339
1607829267357 724.250797122148 340
1607829267358 723.6295943301863 341
1607829267360 723.1667293950196 342
1607829267361 722.1092573250271 343
1607829267362 720.9848979094614 344
1607829267364 719.9344551521349 345
1607829267365 719.0709059185361 346
1607829267367 718.4056729449774 347
1607829267368 717.1448936370007 348
1607829267369 716.8802048136798 349
1607829267371 714.1383855051342 350
1607829267372 713.7462800114289 351
1607829267374 712.0937309816937 352
1607829267375 710.3798073329809 353
1607829267377 709.7143944577513 354
1607829267378 708.9224928959119 355
1607829267379 707.7368275999069 356
1607829267381 706.321778647703 357
1607829267382 705.5874855813635 358
1607829267384 704.1299292324629 359
1607829267385 703.7910669591408 360
1607829267386 702.9838512288568 361
1607829267388 701.9843167237326 362
1607829267389 700.8235705914718 363
1607829267391 699.7535329149352 364
1607829267392 699.2162617445742 365
1607829267394 698.8480579506441 366
1607829267395 697.6181926301743 367
1607829267396 696.4874628076981 368
1607829267398 695.0373339170588 369
1607829267399 693.8640230080672 370
1607829267401 693.1016925421789 371
1607829267402 692.6566135960016 372
1607829267403 691.3996551011712 373
1607829267405 690.874630710416 374
1607829267406 689.623966224349 375
1607829267408 688.8051852662627 376
1607829267409 687.5096953341197 377
1607829267411 687.1607616256653 378
1607829267412 685.7497472640065 379
1607829267413 684.4416319673285 380
1607829267415 683.6955871157458 381
1607829267416 683.2595346704243 382
1607829267418 681.4564348069392 383
1607829267419 680.345422505933 384
1607829267420 679.0769185217769 385
1607829267422 678.5744892609559 386
1607829267423 678.0439926225897 387
1607829267425 677.1858971161294 388
1607829267426 675.9828476181588 389
1607829267428 674.1928895587764 390
1607829267429 672.9545402296313 391
1607829267430 672.369230760609 392
1607829267432 671.1334056973723 393
1607829267433 670.3694898973243 394
1607829267435 669.4191486957253 395
1607829267436 668.8539059939889 396
1607829267438 667.4110837973832 397
1607829267439 665.1317008082475 398
1607829267441 664.319237975513 399
1607829267442 663.6777993603413 400
1607829267444 662.1366517353972 401
1607829267445 660.9448832138676 402
1607829267446 659.0918528022088 403
1607829267448 658.5016097600252 404
1607829267449 657.1274349673133 405
1607829267451 656.3604143964711 406
1607829267452 655.2997782159824 407
1607829267454 654.7202817288296 408
1607829267455 653.6673064094742 409
1607829267456 653.0877470333825 410
1607829267458 652.2074322436397 411
1607829267459 651.5379927653004 412
1607829267461 650.1345493978081 413
1607829267462 649.4668946511665 414
1607829267463 648.6276240328327 415
1607829267465 647.3383783568571 416
1607829267466 646.0409818987879 417
1607829267468 644.3049399899343 418
1607829267469 643.6567796338617 419
1607829267471 642.6053083132806 420
1607829267472 641.2644088839453 421
1607829267474 640.704477108307 422
1607829267475 639.4781359667847 423
1607829267476 638.3492348369226 424
1607829267478 637.6801465881799 425
1607829267479 637.1683825395405 426
1607829267481 636.7599021820562 427
1607829267482 634.7909500079627 428
1607829267483 633.3289472949801 429
1607829267485 632.3797493901426 430
1607829267486 631.6280306173637 431
1607829267488 631.2845592972265 432
1607829267489 630.9606850208977 433
1607829267490 629.8475414736325 434
1607829267492 628.9528052258889 435
1607829267493 627.5151198533233 436
1607829267495 626.3072551125508 437
1607829267496 625.2956431362172 438
1607829267497 625.0590565513845 439
1607829267499 624.5226569477164 440
1607829267500 623.4419932839083 441
1607829267502 623.0262129336219 442
1607829267503 621.5585765427621 443
1607829267504 620.2725156157985 444
1607829267506 619.5985355045315 445
1607829267507 618.6020407249872 446
1607829267509 616.922580759513 447
1607829267510 616.5416918341139 448
1607829267512 615.4316031612697 449
1607829267513 614.7095341682523 450
1607829267514 613.188402330854 451
1607829267516 612.1065687651188 452
1607829267517 610.4919835892401 453
1607829267519 610.0233081744668 454
1607829267520 609.4245109353726 455
1607829267521 607.2427357847436 456
1607829267523 606.6122701818539 457
1607829267524 605.3934608747817 458
1607829267526 604.8403126869591 459
1607829267527 604.2423599076467 460
1607829267528 603.2564521922052 461
1607829267530 602.9367146156671 462
1607829267531 602.2864837465884 463
1607829267533 601.4759172499575 464
1607829267534 601.2899707312955 465
1607829267535 599.5453460072333 466
1607829267537 598.2943517238551 467
1607829267538 598.0687550113812 468
1607829267540 597.4840317122425 469
1607829267541 597.0462741399687 470
1607829267542 596.6303530859681 471
1607829267544 595.9390882128974 472
1607829267545 595.6307672479002 473
1607829267547 595.1892290993337 474
1607829267548 594.2054969164466 475
1607829267549 593.200376784661 476
1607829267551 592.6842087659368 477
1607829267552 591.9898481530944 478
1607829267554 591.3456262926607 479
1607829267555 589.7745639618277 480
1607829267557 589.0252699262354 481
1607829267558 588.5803294757768 482
1607829267559 588.240348300522 483
1607829267561 587.9560069793642 484
1607829267562 587.4251903318077 485
1607829267564 586.1381562182653 486
1607829267565 585.4872011337683 487
1607829267567 583.9374637810723 488
1607829267568 583.3360581734232 489
1607829267569 582.6979591555889 490
1607829267571 581.843891543663 491
1607829267572 581.5777377224864 492
1607829267574 580.8052966828585 493
1607829267575 579.7100816727117 494
1607829267577 579.3163350482685 495
1607829267578 578.0925453560696 496
1607829267579 576.8304165164327 497
1607829267581 576.3056047230517 498
1607829267582 575.6486142499436 499
1607829267584 575.2434090650387 500
1607829267585 574.6861184144625 501
1607829267586 573.938752381306 502
1607829267588 573.7409298963348 503
1607829267589 573.3832486296816 504
1607829267591 572.2338404209386 505
1607829267592 571.227011178243 506
1607829267594 570.7784035207142 507
1607829267595 569.8832745326055 508
1607829267596 568.6482398406552 509
1607829267598 567.8984225958858 510
1607829267599 567.4762861914741 511
1607829267601 567.0697002592858 512
1607829267602 566.5829675900399 513
1607829267603 566.0665197496929 514
1607829267605 564.8560116550098 515
1607829267606 564.1119912338435 516
1607829267608 562.9491419675634 517
1607829267609 561.7339286551697 518
1607829267611 561.1294195234411 519
1607829267612 559.9507140182343 520
1607829267613 559.3082281149854 521
1607829267615 558.9372702740005 522
1607829267616 558.0831718112645 523
1607829267618 557.375328669015 524
1607829267619 556.2351954799352 525
1607829267620 555.6958953482239 526
1607829267622 555.1384346896228 527
1607829267623 553.7245742939108 528
1607829267625 553.3726696013999 529
1607829267626 552.834501794742 530
1607829267627 552.683536074427 531
1607829267629 552.1500461305546 532
1607829267630 551.1382610971558 533
1607829267632 550.078564554322 534
1607829267633 549.2759010550859 535
1607829267635 548.7094315555728 536
1607829267636 547.5672611603011 537
1607829267637 546.4770884726082 538
1607829267639 545.7593859312595 539
1607829267640 545.2144330450035 540
1607829267642 544.8101885298016 541
1607829267643 544.2626019732289 542
1607829267644 543.4327303762246 543
1607829267646 543.0479054831284 544
1607829267647 542.4093622747449 545
1607829267649 542.0164211769472 546
1607829267650 541.0342883435376 547
1607829267651 540.539415182951 548
1607829267653 539.7470859114421 549
1607829267654 539.0121786381613 550
1607829267656 538.4438049746702 551
1607829267657 537.7288907117994 552
1607829267658 536.9238019050882 553
1607829267660 536.2543564804542 554
1607829267661 535.4077114893332 555
1607829267663 535.0707407724373 556
1607829267664 534.6346474146276 557
1607829267666 534.1493098938423 558
1607829267667 533.9125265849722 559
1607829267668 532.6049915261614 560
1607829267670 532.1191400211594 561
1607829267671 531.7775378078072 562
1607829267673 531.2388376428369 563
1607829267674 530.1236915591024 564
1607829267675 529.6952130746942 565
1607829267677 528.930887673792 566
1607829267678 528.2567711546805 567
1607829267680 527.2856850734776 568
1607829267681 525.9257068980304 569
1607829267682 525.053649039159 570
1607829267684 524.6896174840941 571
1607829267685 523.7606796976136 572
1607829267687 523.2819596732788 573
1607829267688 522.2211194564401 574
1607829267689 521.8570682085576 575
1607829267691 521.3333146865555 576
1607829267692 520.8787451922841 577
1607829267694 520.5310773101743 578
1607829267695 520.1950221583536 579
1607829267696 519.3925079202901 580
1607829267698 518.7949749109684 581
1607829267699 517.7760041129621 582
1607829267701 517.3336182577865 583
1607829267702 516.6885127086382 584
1607829267703 516.0726281264085 585
1607829267705 515.2617933156067 586
1607829267706 514.4442408510123 587
1607829267708 514.0795002039134 588
1607829267709 513.4787337894743 589
1607829267711 513.2450555681222 590
1607829267712 511.62549837794654 591
1607829267713 511.098046496362 592
1607829267715 510.7099516868194 593
1607829267716 509.83742882770736 594
1607829267718 509.37595966136837 595
1607829267719 509.12303411996885 596
1607829267720 508.85285266382505 597
1607829267722 507.56381702759137 598
1607829267723 506.60261695413493 599
1607829267725 505.55299762128976 600
1607829267726 504.8118100875806 601
1607829267728 504.08397165494546 602
1607829267729 503.8704828294492 603
1607829267730 502.931274332333 604
1607829267732 502.5033951124709 605
1607829267733 502.22666955167034 606
1607829267735 501.89076390259186 607
1607829267736 501.67524893469295 608
1607829267737 501.0377148892676 609
1607829267739 499.9390438692896 610
1607829267740 499.52825294071454 611
1607829267742 498.4151693212047 612
1607829267743 497.5536621189368 613
1607829267745 497.03227161581486 614
1607829267746 496.84716419918107 615
1607829267748 496.08227571327336 616
1607829267749 495.1554927485566 617
1607829267750 494.8694066257543 618
1607829267752 494.36342469682825 619
1607829267753 493.3129984499467 620
1607829267755 492.2897799057158 621
1607829267756 491.16149489332804 622
1607829267758 490.2470672731939 623
1607829267759 490.0856864957834 624
1607829267760 489.2470925441526 625
1607829267762 488.91085661291476 626
1607829267763 488.5555964415478 627
1607829267765 487.9994608898615 628
1607829267766 487.2851558240331 629
1607829267767 486.6423240632717 630
1607829267769 486.23806430629134 631
1607829267770 485.81079899232225 632
1607829267772 485.34458753399997 633
1607829267773 484.99663567579086 634
1607829267774 484.06215625157205 635
1607829267776 483.35707462544195 636
1607829267777 482.27865768910857 637
1607829267779 481.66119245623383 638
1607829267780 481.2691444988254 639
1607829267781 480.74160506917616 640
1607829267783 480.6223731894544 641
1607829267784 480.2635141113111 642
1607829267786 479.8307243265952 643
1607829267787 479.380550145926 644
1607829267788 478.5919993506736 645
1607829267790 477.6108818927609 646
1607829267791 477.190797238164 647
1607829267793 475.92428837460875 648
1607829267794 475.5589828240138 649
1607829267796 475.24756226441343 650
1607829267797 474.6431497556995 651
1607829267798 474.2254519698976 652
1607829267800 473.8701602970406 653
1607829267801 473.3006596601925 654
1607829267802 472.78779192968415 655
1607829267804 471.54707640825615 656
1607829267805 471.16785455022966 657
1607829267807 470.5918574318327 658
1607829267808 470.40374275439024 659
1607829267810 470.27001634055284 660
1607829267811 469.92979060282534 661
1607829267812 469.502201229628 662
1607829267814 468.397187109728 663
1607829267815 468.203811587886 664
1607829267817 467.19199051219135 665
1607829267818 466.75994514236453 666
1607829267819 466.5172966328268 667
1607829267821 465.66242452483044 668
1607829267822 465.415265755328 669
1607829267824 464.26125364719394 670
1607829267825 463.6450147589268 671
1607829267826 463.06551205379617 672
1607829267828 462.1498839027574 673
1607829267829 461.4769977116987 674
1607829267831 460.96384061536315 675
1607829267832 460.66932274006285 676
1607829267834 460.01556964234203 677
1607829267835 459.1485853733781 678
1607829267836 458.5141586543061 679
1607829267838 457.7376425819667 680
1607829267839 457.1945657260409 681
1607829267840 456.6846523667467 682
1607829267842 456.32829308635695 683
1607829267843 455.6612087793231 684
1607829267845 454.9113509038835 685
1607829267846 454.5322466510518 686
1607829267848 453.5128975074423 687
1607829267849 452.85265738007485 688
1607829267850 451.97008946157626 689
1607829267852 451.2184092466531 690
1607829267853 450.9737887906669 691
1607829267855 450.62369805288876 692
1607829267856 450.20785357606877 693
1607829267857 449.36998373134975 694
1607829267859 449.24433490302226 695
1607829267860 448.35267609126015 696
1607829267862 447.82905287889895 697
1607829267863 447.0694883126687 698
1607829267864 446.4958591180116 699
1607829267866 445.6689171517774 700
1607829267867 444.67395612628616 701
1607829267869 444.3642289991324 702
1607829267870 443.70213428186025 703
1607829267871 443.00269163857075 704
1607829267873 442.54232807096554 705
1607829267874 441.18697630086893 706
1607829267876 440.4082264251861 707
1607829267877 439.7626279558052 708
1607829267879 439.2496863264242 709
1607829267880 438.10535886175325 710
1607829267881 437.61366062561376 711
1607829267883 437.3197874059417 712
1607829267884 436.8269402985966 713
1607829267886 436.32665946139736 714
1607829267887 435.6876585741484 715
1607829267888 435.22898152698787 716
1607829267890 435.01699270956107 717
1607829267891 434.78254715306485 718
1607829267893 434.60305631539615 719
1607829267894 434.46758237895824 720
1607829267895 433.4853024045964 721
1607829267897 432.7401609683427 722
1607829267898 432.476150351729 723
1607829267900 432.19893637994045 724
1607829267902 431.35386583957666 725
1607829267903 430.67678951497425 726
1607829267905 430.179259103302 727
1607829267906 429.9239631713681 728
1607829267908 429.6348881001774 729
1607829267909 429.1978595293731 730
1607829267911 428.585366427491 731
1607829267912 428.1529212431141 732
1607829267914 427.5890735672061 733
1607829267915 426.8228045410294 734
1607829267917 426.4958125318105 735
1607829267918 426.4147261273362 736
1607829267919 425.6817050346897 737
1607829267921 425.0010325831043 738
1607829267922 424.13682788799025 739
1607829267924 423.18694696576574 740
1607829267925 422.52002277545336 741
1607829267926 422.3111617587443 742
1607829267928 422.1387409448065 743
1607829267929 421.09490716866674 744
1607829267931 420.95301314261235 745
1607829267932 420.59491963896744 746
1607829267933 419.980615902235 747
1607829267935 419.5155944431314 748
1607829267936 419.2942487062032 749
1607829267938 418.9824365852988 750
1607829267939 418.8592076695208 751
1607829267941 418.1397727581259 752
1607829267942 417.46451746346975 753
1607829267944 416.28408678780505 754
1607829267945 415.71233702650187 755
1607829267946 415.22080084875654 756
1607829267948 414.5527007115949 757
1607829267949 414.22828648682054 758
1607829267951 413.5097006713532 759
1607829267952 412.5536098446115 760
1607829267953 412.23878949560344 761
1607829267955 411.44147382923586 762
1607829267956 411.17118161056266 763
1607829267958 410.18472791230374 764
1607829267959 409.8188184283201 765
1607829267961 408.9244089619292 766
1607829267962 408.4985710128315 767
1607829267963 408.04613705729986 768
1607829267965 407.84545788934895 769
1607829267966 407.0998410594216 770
1607829267968 406.6446036437328 771
1607829267969 406.5050842219764 772
1607829267971 406.2840302498559 773
1607829267973 405.82868998764314 774
1607829267975 405.2038532455905 775
1607829267977 404.6640231016029 776
1607829267978 404.5180160701845 777
1607829267980 404.0185680225572 778
1607829267981 403.40335349743793 779
1607829267983 402.7664022489847 780
1607829267984 402.18685622792583 781
1607829267986 401.3632818974999 782
1607829267988 401.23061199016644 783
1607829267989 400.7878406819575 784
1607829267990 400.5998316588253 785
1607829267992 400.18744366388876 786
1607829267993 399.7247967289573 787
1607829267995 399.15406782513764 788
1607829267996 398.87233271194833 789
1607829267998 398.19412842683596 790
1607829267999 397.63797838269505 791
1607829268001 396.86536866791636 792
1607829268002 396.31150461397806 793
1607829268003 395.83924182228753 794
1607829268005 395.343034021909 795
1607829268006 395.0118567788043 796
1607829268008 394.33381244782936 797
1607829268009 394.0214416030578 798
1607829268011 393.5507522544806 799
1607829268012 393.09575859305164 800
1607829268014 392.7448108871308 801
1607829268015 392.36468428070174 802
1607829268016 391.46511660313774 803
1607829268018 390.5665322665753 804
1607829268019 390.2098144779862 805
1607829268021 389.9420414696884 806
1607829268022 389.7686472253639 807
1607829268024 389.66104775652894 808
1607829268025 389.1766752843663 809
1607829268027 388.8777894743552 810
1607829268028 388.12478258935334 811
1607829268029 387.7021382689199 812
1607829268031 387.4989268510916 813
1607829268032 387.0632367392265 814
1607829268034 386.753545785271 815
1607829268035 386.5703124040717 816
1607829268037 386.2279373087132 817
1607829268038 385.4402376165574 818
1607829268039 385.1222041128387 819
1607829268041 384.64260390250325 820
1607829268042 384.2639082191722 821
1607829268044 384.0696943242811 822
1607829268045 383.2766249740864 823
1607829268047 382.9133202864161 824
1607829268048 382.7587611734879 825
1607829268050 382.28316125072433 826
1607829268051 381.76283524288004 827
1607829268052 381.5483057443001 828
1607829268054 381.17065902290767 829
1607829268055 380.52461406560343 830
1607829268057 380.27019427773195 831
1607829268058 380.1874693719173 832
1607829268060 380.02402234486806 833
1607829268061 379.89887780578846 834
1607829268063 379.1407764485861 835
1607829268064 378.62485209320704 836
1607829268065 378.14756561986303 837
1607829268067 377.83038110645697 838
1607829268068 377.6350509918428 839
1607829268070 376.896460282016 840
1607829268071 376.7096359317632 841
1607829268073 375.9284735713409 842
1607829268074 375.81483011239425 843
1607829268076 375.42997574939034 844
1607829268077 374.9904943491169 845
1607829268079 374.4699586581228 846
1607829268080 374.26569613908407 847
1607829268082 373.90760657279225 848
1607829268083 373.35771543265 849
1607829268084 372.53562128619984 850
1607829268086 372.23510721108823 851
1607829268087 371.80159820565024 852
1607829268089 370.98614789873454 853
1607829268090 370.3106852599489 854
1607829268092 370.0547302916955 855
1607829268093 369.6208823470873 856
1607829268095 368.9510207334564 857
1607829268096 368.62648682334367 858
1607829268098 368.2473066552454 859
1607829268102 413.5097006713532 860
