1607829318672 1883.0675285806387 0
1607829318674 1862.7445498742027 1
1607829318676 1842.775968758079 2
1607829318678 1824.0421520497976 3
1607829318680 1805.3133404751397 4
1607829318681 1787.132728128961 5
1607829318683 1768.275208079938 6
1607829318684 1751.2040928183458 7
1607829318686 1734.116410833816 8
1607829318687 1716.7448706265873 9
1607829318688 1700.7374504704715 10
1607829318690 1685.705817571798 11
1607829318691 1670.7207654536235 12
1607829318693 1656.4540561408114 13
1607829318694 1641.787372314679 14
1607829318696 1627.968899909958 15
1607829318697 1615.4616100850508 16
1607829318699 1602.6802604239256 17
1607829318700 1589.6956290923135 18
1607829318701 1577.4820446017648 19
1607829318703 1565.1160199415983 20
1607829318704 1553.8965048807095 21
1607829318706 1542.8050547081743 22
1607829318707 1533.0383385405141 23
1607829318709 1521.6041707708775 24
1607829318710 1510.4203692708475 25
1607829318712 1499.0846398603228 26
1607829318713 1488.9344388455977 27
1607829318714 1478.3961762393849 28
1607829318716 1470.1643233163315 29
1607829318717 1459.1800029555006 30
1607829318719 1450.3725776677145 31
1607829318720 1441.6939051352256 32
1607829318721 1432.269286503637 33
1607829318723 1424.8331961869917 34
1607829318725 1417.97723305238 35
1607829318726 1410.1356681938576 36
1607829318728 1402.2946962825024 37
1607829318729 1393.9281279506692 38
1607829318730 1386.8317093160726 39
1607829318732 1378.9585318073143 40
1607829318733 1372.198836675677 41
1607829318735 1366.1355375325606 42
1607829318736 1359.7370177383164 43
1607829318737 1353.4092934316545 44
1607829318739 1347.1355017884084 45
1607829318740 1340.6259650711957 46
1607829318742 1333.6392595101756 47
1607829318743 1329.007958366571 48
1607829318745 1323.6320923690218 49
1607829318746 1316.1068537769122 50
1607829318747 1310.3873494477114 51
1607829318749 1305.2934145729034 52
1607829318750 1299.4546266177822 53
1607829318752 1293.4503252682919 54
1607829318753 1287.7980382282667 55
1607829318754 1281.7703442386603 56
1607829318756 1274.1747855198466 57
1607829318757 1268.7571490130763 58
1607829318759 1264.0887186787234 59
1607829318760 1258.5675468157744 60
1607829318762 1253.231342682235 61
1607829318763 1247.8336636945307 62
1607829318764 1242.4288259817959 63
1607829318766 1236.3375305097857 64
1607829318767 1232.4630407512986 65
1607829318769 1226.2335949978753 66
1607829318770 1222.183411716105 67
1607829318772 1218.9253764820387 68
1607829318773 1215.1413110626145 69
1607829318774 1210.8943753737121 70
1607829318776 1207.5641766932717 71
1607829318777 1202.1451832227863 72
1607829318779 1198.297343868515 73
1607829318780 1194.024407123333 74
1607829318782 1189.4938449563583 75
1607829318783 1184.856927079943 76
1607829318784 1181.2264918920243 77
1607829318786 1178.6506235227419 78
1607829318787 1173.039086734015 79
1607829318789 1170.7858327066958 80
1607829318790 1166.5805005251148 81
1607829318792 1162.6446615691616 82
1607829318793 1158.5650072073342 83
1607829318795 1156.0926026785733 84
1607829318796 1152.4857403831043 85
1607829318797 1149.081802068344 86
1607829318799 1145.9571964146082 87
1607829318800 1142.4192781643894 88
1607829318802 1139.3586069495072 89
1607829318803 1135.2423892948516 90
1607829318804 1132.3049284808344 91
1607829318806 1128.3568559263886 92
1607829318807 1123.8326191603687 93
1607829318809 1120.7915492691236 94
1607829318810 1116.0981984488642 95
1607829318812 1113.0966930435854 96
1607829318813 1109.7007195713145 97
1607829318815 1107.080760411439 98
1607829318816 1104.5133953787085 99
1607829318817 1100.6375179280526 100
1607829318819 1096.8728209227547 101
1607829318820 1093.5615879756513 102
1607829318822 1089.3373940511813 103
1607829318823 1085.8554183657916 104
1607829318824 1082.3354721351682 105
1607829318826 1081.1175268791098 106
1607829318827 1080.0878283301063 107
1607829318829 1076.627715336764 108
1607829318830 1073.9488535114124 109
1607829318832 1071.7576840543268 110
1607829318833 1067.4062660455504 111
1607829318835 1063.8720996420334 112
1607829318836 1060.6209756116568 113
1607829318837 1059.1649365171409 114
1607829318839 1057.0949873563059 115
1607829318840 1054.5818696552158 116
1607829318842 1052.1342456226862 117
1607829318843 1050.2172873641243 118
1607829318845 1047.964481286127 119
1607829318846 1046.2081811189084 120
1607829318848 1044.6264269652113 121
1607829318849 1042.8483671041029 122
1607829318850 1040.0514939645882 123
1607829318852 1036.6980705602664 124
1607829318853 1034.9493358080683 125
1607829318855 1032.1592528179312 126
1607829318856 1029.9124536602474 127
1607829318857 1027.9300723206763 128
1607829318859 1024.0826323486428 129
1607829318860 1021.3176961702945 130
1607829318862 1019.7357146418731 131
1607829318863 1017.987187697274 132
1607829318865 1016.6064862190178 133
1607829318866 1014.5764266914748 134
1607829318867 1013.1149444707668 135
1607829318869 1011.4801812165454 136
1607829318870 1009.8492879884989 137
1607829318872 1008.7234528481574 138
1607829318873 1007.1598520286001 139
1607829318875 1005.0365183768597 140
1607829318876 1002.9054925024208 141
1607829318878 1001.2409581210724 142
1607829318879 998.389356398904 143
1607829318880 996.8186029299948 144
1607829318882 995.7092988474108 145
1607829318883 993.5684145343378 146
1607829318885 990.2931418054419 147
1607829318886 988.9074303405937 148
1607829318887 986.3982611495207 149
1607829318889 985.0217049291202 150
1607829318890 983.5292324596545 151
1607829318892 982.4056108600247 152
1607829318893 981.35840393225 153
1607829318895 979.5045128014016 154
1607829318896 977.8488341404748 155
1607829318898 975.0960351341674 156
1607829318899 973.4104247545614 157
1607829318903 971.1751442843333 158
1607829318906 969.3487309374173 159
1607829318907 968.4690485257635 160
1607829318909 967.4037746213947 161
1607829318910 966.3839499821672 162
1607829318912 965.2494635734255 163
1607829318913 963.2887539450244 164
1607829318914 961.4286573330027 165
1607829318916 960.0493923819402 166
1607829318917 958.5026746308454 167
1607829318919 955.7092932997011 168
1607829318920 954.7897589896425 169
1607829318922 952.7943061232123 170
1607829318923 951.458061092302 171
1607829318924 949.2182863028336 172
1607829318926 947.9979153098202 173
1607829318927 946.8863805598382 174
1607829318929 945.6950091927555 175
1607829318930 943.4064220614777 176
1607829318932 942.008267896566 177
1607829318933 939.9524985106705 178
1607829318934 938.0883795810927 179
1607829318936 935.1732865842265 180
1607829318937 934.2796994532443 181
1607829318939 932.7697704681692 182
1607829318940 931.7356080613085 183
1607829318942 930.1650534219579 184
1607829318943 927.2851115982122 185
1607829318944 926.104439817676 186
1607829318946 925.2875413662091 187
1607829318947 924.6863681370496 188
1607829318949 921.8121817031122 189
1607829318950 921.2694613015202 190
1607829318951 920.1227762739173 191
1607829318953 918.8637090666977 192
1607829318954 917.6878569196626 193
1607829318956 916.0431937504015 194
1607829318957 913.8069544254079 195
1607829318959 912.5803253879363 196
1607829318960 910.9224383357738 197
1607829318961 909.9236774439756 198
1607829318963 907.6571140644869 199
1607829318964 905.6219070874185 200
1607829318966 902.9900911905172 201
1607829318967 901.620583284994 202
1607829318968 900.1341950567396 203
1607829318970 899.1685000765682 204
1607829318971 897.8570951480626 205
1607829318973 896.7756723665044 206
1607829318974 894.1647729778564 207
1607829318976 893.2007994980703 208
1607829318977 892.1424094072676 209
1607829318978 890.8247196240145 210
1607829318980 889.4468950948147 211
1607829318981 887.8920379263723 212
1607829318983 886.4548138092666 213
1607829318984 884.5389230032437 214
1607829318986 883.5120000593791 215
1607829318987 881.1958068865297 216
1607829318988 879.500887958813 217
1607829318990 876.2635465815918 218
1607829318991 875.4505466956793 219
1607829318993 873.1570338498026 220
1607829318994 871.1073545735265 221
1607829318995 869.9073839564956 222
1607829318997 869.4688247787905 223
1607829318998 868.5727640069973 224
1607829319000 866.9573041769711 225
1607829319001 865.8525561186019 226
1607829319002 864.7394796908588 227
1607829319004 863.2944312535484 228
1607829319005 862.5819074963438 229
1607829319007 861.7420636754925 230
1607829319008 860.7525546729983 231
1607829319010 858.698086488464 232
1607829319011 856.6105619218624 233
1607829319013 855.2325597344811 234
1607829319014 854.0149293435015 235
1607829319015 853.2705657986922 236
1607829319017 850.9780429245976 237
1607829319018 848.6979190484182 238
1607829319020 847.373574231933 239
1607829319021 845.9233437832612 240
1607829319022 843.930907976353 241
1607829319024 842.9082220603062 242
1607829319025 841.9468247631474 243
1607829319027 841.0891064719563 244
1607829319028 840.6072637254808 245
1607829319030 839.4789043127314 246
1607829319031 837.8962383076398 247
1607829319033 836.8483339259534 248
1607829319034 835.7348753400169 249
1607829319035 833.9963978316587 250
1607829319037 832.8629957732057 251
1607829319038 831.3410023092814 252
1607829319040 830.52013798835 253
1607829319041 828.7046000445522 254
1607829319043 826.6717740658902 255
1607829319044 825.8520245114228 256
1607829319045 825.0180131163715 257
1607829319047 824.2603019495667 258
1607829319048 823.5772432847969 259
1607829319050 822.7983025253819 260
1607829319051 821.7663701874942 261
1607829319053 819.5594143905574 262
1607829319054 817.9650931941281 263
1607829319055 816.7008974251178 264
1607829319057 815.752961563509 265
1607829319058 815.0129805243198 266
1607829319060 812.7944285073527 267
1607829319061 810.7370551189051 268
1607829319063 809.1979103888658 269
1607829319064 807.8882303291986 270
1607829319065 806.8900068562461 271
1607829319067 806.2583590803156 272
1607829319068 804.2540648145985 273
1607829319070 803.4175625318874 274
1607829319071 802.36676149128 275
1607829319072 801.3479540323631 276
1607829319074 800.5973561793606 277
1607829319075 799.0360171679242 278
1607829319077 797.5037294850448 279
1607829319078 795.7451399791478 280
1607829319080 795.2796976399044 281
1607829319081 794.3456771116321 282
1607829319083 792.7412010753985 283
1607829319084 791.0343993245835 284
1607829319085 790.3495630841327 285
1607829319087 789.4447153783326 286
1607829319088 788.8811264301588 287
1607829319090 788.0390061997416 288
1607829319091 787.1617189475215 289
1607829319093 786.5880332065616 290
1607829319094 784.8549474725417 291
1607829319095 782.6721559433629 292
1607829319097 781.4878589253483 293
1607829319098 779.2765345526955 294
1607829319100 778.3692100030848 295
1607829319101 775.7340384591844 296
1607829319103 775.1051750726481 297
1607829319104 774.3794118300228 298
1607829319105 774.0160849648723 299
1607829319107 773.4072201440191 300
1607829319108 772.0598142182802 301
1607829319110 770.4820531342897 302
1607829319111 769.4024885125573 303
1607829319113 767.1410628879199 304
1607829319114 766.182188571789 305
1607829319115 765.179366431011 306
1607829319117 763.9803914141526 307
1607829319118 763.222089237711 308
1607829319120 761.5045108064459 309
1607829319121 760.9307954440814 310
1607829319123 759.3714052790093 311
1607829319124 758.2534056984351 312
1607829319125 756.9817496950901 313
1607829319127 756.0317630997472 314
1607829319128 754.3358734572095 315
1607829319130 753.6741994935495 316
1607829319131 753.2471125926098 317
1607829319133 751.6221644119748 318
1607829319134 750.4319463683988 319
1607829319135 749.406294663119 320
1607829319137 748.8452974482112 321
1607829319138 747.7179686564807 322
1607829319140 747.1098266362281 323
1607829319141 745.3404705160242 324
1607829319143 743.8944819534418 325
1607829319144 743.012734487777 326
1607829319145 740.7553810677878 327
1607829319147 739.6332540878874 328
1607829319148 739.2021397965833 329
1607829319150 737.8106817509254 330
1607829319151 737.309228549326 331
1607829319152 736.5228488637836 332
1607829319154 735.1583238087144 333
1607829319155 734.0939181377489 334
1607829319157 732.0504145395711 335
1607829319158 730.7129699950987 336
1607829319160 729.8471058878619 337
1607829319161 728.4669919068365 338
1607829319162 727.3884594406891 339
1607829319164 726.2296404070439 340
1607829319165 725.4544150833302 341
1607829319167 724.0991920387132 342
1607829319168 722.2628349392562 343
1607829319169 720.3547841752185 344
1607829319171 718.9390660789257 345
1607829319172 717.4172924849998 346
1607829319174 716.4421893330252 347
1607829319175 714.592793088866 348
1607829319177 713.4772236333558 349
1607829319178 711.2239704762396 350
1607829319179 709.3049956595565 351
1607829319181 708.6798126991347 352
1607829319182 707.8304954161172 353
1607829319184 706.3476536220272 354
1607829319185 705.9209631647168 355
1607829319186 705.1362667489171 356
1607829319188 704.0413274557525 357
1607829319189 702.7491462582994 358
1607829319191 701.548458540065 359
1607829319192 700.2934376570086 360
1607829319194 700.0188885725088 361
1607829319195 699.0241764805343 362
1607829319196 698.4960074684226 363
1607829319198 697.6628796325954 364
1607829319199 697.1161355717423 365
1607829319201 696.5591073201861 366
1607829319202 695.4913169020109 367
1607829319204 693.8585721733814 368
1607829319205 692.2007638329263 369
1607829319206 690.7158541965749 370
1607829319208 689.5204335703332 371
1607829319209 688.0069289873408 372
1607829319211 686.9802684715356 373
1607829319212 685.2998287011587 374
1607829319214 684.7085826063607 375
1607829319215 683.7765779775868 376
1607829319217 682.9142811866716 377
1607829319218 680.4117214743094 378
1607829319219 679.3018487774931 379
1607829319221 677.5890801645126 380
1607829319222 676.1873148900188 381
1607829319224 675.416457089977 382
1607829319225 674.4340170986735 383
1607829319227 673.5329233194167 384
1607829319228 672.8174164716872 385
1607829319229 671.8720327531205 386
1607829319231 671.2044711985312 387
1607829319232 669.8211841951199 388
1607829319234 668.4882877628394 389
1607829319235 667.3547598663632 390
1607829319236 666.0333442619326 391
1607829319238 664.861616768023 392
1607829319239 663.9148064282414 393
1607829319241 662.8782908207937 394
1607829319242 661.9563531175572 395
1607829319244 661.0282539967427 396
1607829319245 660.5257726728801 397
1607829319247 659.854534364968 398
1607829319248 659.1875041805735 399
1607829319249 657.6202575493267 400
1607829319251 656.3856935027593 401
1607829319252 655.407696673855 402
1607829319254 652.3330261349699 403
1607829319255 650.6179913005838 404
1607829319256 649.9596999031368 405
1607829319258 649.4349231476561 406
1607829319259 648.7040337940083 407
1607829319261 647.7775263589674 408
1607829319262 647.1609959987343 409
1607829319264 645.8739488696125 410
1607829319265 644.539733511508 411
1607829319266 643.366001309529 412
1607829319268 641.9238447507033 413
1607829319269 641.1022848404838 414
1607829319271 639.8945992152159 415
1607829319272 638.8294521996503 416
1607829319273 638.0991782962533 417
1607829319275 636.9867944822739 418
1607829319276 636.0225059031518 419
1607829319278 635.1027031820987 420
1607829319279 634.0470738913384 421
1607829319281 633.4056972298551 422
1607829319282 632.8201788725536 423
1607829319283 631.812460763194 424
1607829319285 631.353055621828 425
1607829319286 630.845654553419 426
1607829319288 629.987282969555 427
1607829319289 629.2906058033458 428
1607829319290 628.1427136277066 429
1607829319292 627.2680340353311 430
1607829319293 626.256394675421 431
1607829319295 625.6936403916045 432
1607829319296 624.5531817840719 433
1607829319298 623.9202523534457 434
1607829319299 623.2983038366823 435
1607829319300 622.0293934583411 436
1607829319302 621.5025909498561 437
1607829319303 620.0579398938146 438
1607829319305 618.9046796901468 439
1607829319306 618.5256062589967 440
1607829319307 618.156750655089 441
1607829319309 617.1587800786797 442
1607829319310 616.3036191954943 443
1607829319312 615.1989315194127 444
1607829319313 614.2167186863273 445
1607829319315 612.7401652253391 446
1607829319316 611.4752921144715 447
1607829319318 610.703091909156 448
1607829319319 609.6824435998044 449
1607829319320 608.5318403921327 450
1607829319322 607.3173032950117 451
1607829319323 606.7012316334284 452
1607829319325 604.5315795015442 453
1607829319326 603.846379243328 454
1607829319328 603.2046502703888 455
1607829319329 602.6627880471409 456
1607829319330 600.921637269292 457
1607829319332 599.9719953889673 458
1607829319333 599.4442452672005 459
1607829319335 599.0120203440051 460
1607829319336 597.746491241691 461
1607829319338 596.2576118573858 462
1607829319339 595.8040436217752 463
1607829319340 594.6535828507356 464
1607829319342 594.019824781172 465
1607829319343 593.0762385346789 466
1607829319345 592.366589273461 467
1607829319346 590.8444753940663 468
1607829319348 590.2559003841717 469
1607829319349 589.6369386428365 470
1607829319350 588.2548396730057 471
1607829319352 587.6988325266198 472
1607829319353 586.8112616414966 473
1607829319355 586.3247384425767 474
1607829319356 585.6861697731179 475
1607829319357 584.464286813146 476
1607829319359 583.4284964860741 477
1607829319360 582.5470963259828 478
1607829319362 582.0981777751517 479
1607829319363 581.2870700860439 480
1607829319365 580.3940303479342 481
1607829319366 579.9420888385818 482
1607829319367 579.0549812104808 483
1607829319369 578.5530175858232 484
1607829319370 578.190940561458 485
1607829319372 577.3422152075427 486
1607829319373 575.9481527644417 487
1607829319374 574.4144798131586 488
1607829319376 573.434024061905 489
1607829319377 573.0849371660853 490
1607829319379 572.3446078702955 491
1607829319380 571.93529308667 492
1607829319382 571.3710095407754 493
1607829319383 571.0379207388283 494
1607829319384 570.5570833321758 495
1607829319386 569.1810273616115 496
1607829319387 568.3276883145669 497
1607829319389 567.9910934425138 498
1607829319390 567.3985119190855 499
1607829319391 567.2165043005189 500
1607829319393 566.5908867663197 501
1607829319394 565.9089730166157 502
1607829319396 565.1737793284587 503
1607829319397 564.6127613957096 504
1607829319399 563.8200977692866 505
1607829319400 563.4147491557192 506
1607829319401 562.8081401669855 507
1607829319403 561.4187919260742 508
1607829319404 561.0695686784564 509
1607829319406 560.82993615825 510
1607829319407 560.5624788614259 511
1607829319409 560.0293817216149 512
1607829319410 559.1332973359082 513
1607829319412 558.0027762307817 514
1607829319413 557.082492651368 515
1607829319414 556.3525837805464 516
1607829319416 556.0418805138463 517
1607829319417 554.468892337383 518
1607829319419 553.6858934710317 519
1607829319420 552.226844282402 520
1607829319422 551.5137005672426 521
1607829319423 550.5769998248373 522
1607829319424 549.9722882878006 523
1607829319426 549.3296534634248 524
1607829319427 548.1339051480273 525
1607829319429 547.0019693089325 526
1607829319430 546.3057215922173 527
1607829319432 545.2144866772701 528
1607829319433 544.202832261764 529
1607829319434 543.481046685197 530
1607829319436 542.6321907623652 531
1607829319437 541.8455542111716 532
1607829319439 540.661813904035 533
1607829319440 540.3190080914247 534
1607829319442 539.8279717366619 535
1607829319443 539.2030458175468 536
1607829319444 538.5078590406628 537
1607829319446 538.2921688985103 538
1607829319447 536.9932075794036 539
1607829319449 536.3819552085848 540
1607829319450 535.1483699245366 541
1607829319452 534.1113442204631 542
1607829319453 533.329237472697 543
1607829319454 532.1625365958689 544
1607829319456 531.2330237198278 545
1607829319460 614.2167186863273 546
