1607829284830 1942.2405502817742 0
1607829284832 1919.412989758487 1
1607829284834 1896.964722997427 2
1607829284836 1877.1173442028776 3
1607829284837 1857.5022198493516 4
1607829284839 1839.6877821219214 5
1607829284840 1821.1082023816489 6
1607829284842 1803.5274569624892 7
1607829284844 1786.5379477583292 8
1607829284845 1768.5469983035796 9
1607829284846 1752.5649491096217 10
1607829284848 1736.361711097364 11
1607829284849 1720.3154348253136 12
1607829284851 1703.7900211244385 13
1607829284852 1690.2171596964652 14
1607829284854 1675.544219133342 15
1607829284855 1661.7761345147385 16
1607829284856 1649.8548113959405 17
1607829284858 1635.3787800525806 18
1607829284859 1623.6989768740025 19
1607829284861 1611.7247001787248 20
1607829284862 1598.274684056636 21
1607829284864 1584.9655032970961 22
1607829284865 1572.9406381943986 23
1607829284867 1560.0585411209468 24
1607829284868 1547.6459000648633 25
1607829284869 1537.3539490810822 26
1607829284871 1525.1806343193357 27
1607829284872 1513.91328978104 28
1607829284874 1504.5424402881972 29
1607829284875 1495.0665003445606 30
1607829284877 1484.5953076660987 31
1607829284878 1475.919787167106 32
1607829284879 1467.1018307216063 33
1607829284881 1459.138974189926 34
1607829284882 1451.2234030221075 35
1607829284884 1441.6909924217523 36
1607829284885 1433.7437269736938 37
1607829284886 1423.4249065995966 38
1607829284888 1414.95803434307 39
1607829284889 1405.8544899895667 40
1607829284891 1398.2022684898734 41
1607829284892 1390.3419956917842 42
1607829284894 1383.0146684087347 43
1607829284895 1375.9172038190993 44
1607829284896 1368.444447940061 45
1607829284898 1361.5804652330764 46
1607829284900 1355.6344746466243 47
1607829284902 1346.9057178502014 48
1607829284903 1341.3168772485733 49
1607829284905 1335.716827429947 50
1607829284906 1328.5213251715484 51
1607829284908 1323.3987526360006 52
1607829284909 1317.2214213934242 53
1607829284911 1312.1341894341424 54
1607829284912 1306.1746580820886 55
1607829284914 1299.316350522597 56
1607829284915 1294.2806387130718 57
1607829284917 1289.3389080818354 58
1607829284918 1283.8249240357443 59
1607829284920 1277.8025066527873 60
1607829284921 1273.7848248840878 61
1607829284922 1268.274557540438 62
1607829284924 1262.6530908616107 63
1607829284925 1256.450545420107 64
1607829284927 1250.898266641967 65
1607829284928 1246.6219899536957 66
1607829284930 1240.6407624714202 67
1607829284931 1235.909982743619 68
1607829284933 1230.6420665868297 69
1607829284934 1225.6860534282278 70
1607829284936 1221.0005648656906 71
1607829284937 1215.3003834739256 72
1607829284938 1211.4240675817127 73
1607829284940 1205.4481258081632 74
1607829284941 1200.8568685736686 75
1607829284943 1196.4421270676187 76
1607829284944 1191.2517114224236 77
1607829284945 1186.1304729673204 78
1607829284947 1181.4192477916406 79
1607829284948 1177.538102224757 80
1607829284950 1173.8383085729906 81
1607829284951 1170.2583074430622 82
1607829284952 1166.335544094044 83
1607829284954 1162.784942405786 84
1607829284955 1157.874749351182 85
1607829284956 1154.3208639682862 86
1607829284958 1151.2104695531598 87
1607829284959 1146.8129368153857 88
1607829284961 1142.5463480642052 89
1607829284962 1139.4887878034747 90
1607829284964 1135.6014919911547 91
1607829284965 1131.3220030255798 92
1607829284967 1127.0991065373576 93
1607829284968 1125.0360331852587 94
1607829284969 1122.63539549392 95
1607829284971 1119.1234840886464 96
1607829284972 1117.0773617787108 97
1607829284974 1114.7147033272631 98
1607829284975 1112.3881698073285 99
1607829284977 1110.247979303669 100
1607829284978 1106.7391996028923 101
1607829284979 1104.4408727515336 102
1607829284981 1101.1815179764653 103
1607829284982 1097.8974696913892 104
1607829284984 1095.6660459472155 105
1607829284985 1092.8024128832967 106
1607829284987 1090.7358005201054 107
1607829284988 1087.0894278266046 108
1607829284989 1082.99787659152 109
1607829284991 1079.359813949918 110
1607829284992 1076.7512294791416 111
1607829284994 1074.5636919508104 112
1607829284995 1072.9812452151587 113
1607829284997 1070.2116726133688 114
1607829284998 1068.4163754152514 115
1607829284999 1065.386584006928 116
1607829285001 1062.3150575359207 117
1607829285002 1060.1154474080206 118
1607829285004 1057.8575469260063 119
1607829285005 1055.377973193561 120
1607829285007 1053.1751535015082 121
1607829285008 1050.7143834141907 122
1607829285009 1049.2016365079473 123
1607829285011 1046.029294451623 124
1607829285012 1043.5686515275802 125
1607829285014 1041.072430614792 126
1607829285015 1037.9733245184689 127
1607829285017 1035.8613272006874 128
1607829285018 1031.938390490586 129
1607829285019 1029.4513009302943 130
1607829285021 1028.411095569936 131
1607829285022 1025.6518795932163 132
1607829285024 1023.5760476316569 133
1607829285025 1022.2115615057007 134
1607829285027 1018.2758882400466 135
1607829285028 1017.189910927142 136
1607829285030 1014.8929832412268 137
1607829285031 1012.407854647799 138
1607829285032 1011.0007364948458 139
1607829285034 1007.1282573850916 140
1607829285035 1005.0209461599047 141
1607829285037 1003.4957498484893 142
1607829285038 1002.4298539110954 143
1607829285040 999.5457982176138 144
1607829285041 997.7106877306393 145
1607829285042 996.685777176417 146
1607829285044 994.8938335755939 147
1607829285045 991.8831621779366 148
1607829285047 988.9016455791768 149
1607829285048 985.9922499511054 150
1607829285050 983.5592359839953 151
1607829285051 981.3563629761975 152
1607829285052 979.9627527592584 153
1607829285054 978.5240447868896 154
1607829285055 977.5411137129149 155
1607829285057 975.3816815887075 156
1607829285058 974.2743186731831 157
1607829285060 971.000385321943 158
1607829285061 969.1046329099782 159
1607829285062 967.8661697707599 160
1607829285064 965.3488537952854 161
1607829285065 964.7871281239325 162
1607829285067 964.1368756568168 163
1607829285068 962.5959005816668 164
1607829285069 960.218821337851 165
1607829285071 959.4571685345223 166
1607829285072 957.0439409836721 167
1607829285074 954.8774503580341 168
1607829285075 953.4154724613167 169
1607829285076 952.1399147066355 170
1607829285078 949.2118143722649 171
1607829285079 947.9582537831024 172
1607829285081 944.9572172656345 173
1607829285082 943.2673232439821 174
1607829285084 941.3853780560768 175
1607829285085 940.5147525763819 176
1607829285086 938.4334892752192 177
1607829285088 937.0356211742103 178
1607829285089 936.0256382785094 179
1607829285091 932.95917722783 180
1607829285092 931.4259704124042 181
1607829285093 929.978628855382 182
1607829285095 929.4080800810398 183
1607829285096 928.7929361398866 184
1607829285098 926.5525602722846 185
1607829285099 924.7564955438688 186
1607829285100 923.7973391306475 187
1607829285102 922.0416262146437 188
1607829285103 920.6984849539137 189
1607829285105 919.6124790745757 190
1607829285106 917.1554005561397 191
1607829285108 916.0509024637854 192
1607829285109 913.9802853762563 193
1607829285110 912.9610031020331 194
1607829285112 912.6113943673465 195
1607829285113 911.1448300957868 196
1607829285115 910.2009549585403 197
1607829285116 908.6582389236603 198
1607829285117 907.1678733111173 199
1607829285119 906.2861387434386 200
1607829285120 905.5259488966193 201
1607829285122 903.4933620227207 202
1607829285123 902.2976220296724 203
1607829285125 900.8843578410407 204
1607829285126 899.4794684764472 205
1607829285127 898.0711632065924 206
1607829285129 894.6872174929676 207
1607829285130 891.2986854772821 208
1607829285132 890.1890429568 209
1607829285133 888.408790156653 210
1607829285134 885.1310361648423 211
1607829285136 883.8704509457683 212
1607829285137 881.6507717588773 213
1607829285139 880.5065881109052 214
1607829285140 879.0385141204322 215
1607829285141 877.0849577151819 216
1607829285143 874.3581197281075 217
1607829285144 873.1672482816131 218
1607829285146 872.1399080121435 219
1607829285147 871.5838040427511 220
1607829285148 868.8113029116984 221
1607829285150 867.8681431096197 222
1607829285151 865.8043917973195 223
1607829285153 864.4299625661455 224
1607829285154 863.7430097640524 225
1607829285156 862.4163962369299 226
1607829285157 861.2586910649829 227
1607829285158 860.6779407861114 228
1607829285160 860.2514344430789 229
1607829285161 857.4433456450633 230
1607829285163 856.0224200818777 231
1607829285164 853.8382722394011 232
1607829285165 852.0815179956041 233
1607829285167 850.0927209299806 234
1607829285168 848.7788775939416 235
1607829285170 848.0922172521236 236
1607829285171 845.3476631994121 237
1607829285172 844.5326369934689 238
1607829285174 843.6789388489541 239
1607829285175 843.0271121052142 240
1607829285177 841.8375747567296 241
1607829285178 839.8749335633014 242
1607829285180 839.0273132309695 243
1607829285181 837.5317364273202 244
1607829285182 836.4132155389888 245
1607829285184 835.511832680036 246
1607829285185 833.5695283666018 247
1607829285187 831.7630229654561 248
1607829285188 831.1543985277007 249
1607829285189 830.0776554821879 250
1607829285191 829.0272228397748 251
1607829285192 827.5865712677526 252
1607829285194 825.3754148641765 253
1607829285195 823.9678926063965 254
1607829285197 822.5965307802769 255
1607829285198 821.421772051998 256
1607829285199 819.5355560294618 257
1607829285201 817.9489316707854 258
1607829285202 816.5576823134579 259
1607829285204 815.1332170674326 260
1607829285205 814.622185076225 261
1607829285206 813.9349304762546 262
1607829285208 811.8578640219717 263
1607829285209 809.3785082958532 264
1607829285211 806.8188750280266 265
1607829285212 805.0658917159592 266
1607829285214 803.7851907084242 267
1607829285215 802.3517301743243 268
1607829285216 801.4441964991709 269
1607829285218 800.0906986182692 270
1607829285219 799.3271709956657 271
1607829285221 797.9078188009131 272
1607829285222 796.4394593722426 273
1607829285223 794.0068645969984 274
1607829285225 793.1476162555606 275
1607829285226 791.9335419744249 276
1607829285228 790.7170813597725 277
1607829285229 788.8626962573962 278
1607829285230 788.1836480205266 279
1607829285232 785.6039049563458 280
1607829285233 784.6503710516753 281
1607829285235 782.9450986234724 282
1607829285236 782.3196447247963 283
1607829285237 781.4550533704196 284
1607829285239 781.085401961866 285
1607829285240 779.0416696121721 286
1607829285242 777.011622766118 287
1607829285243 775.7186848209064 288
1607829285245 774.8365844706539 289
1607829285246 773.5328488536214 290
1607829285247 772.3435840322073 291
1607829285249 771.8104713960594 292
1607829285250 770.7754591767535 293
1607829285252 770.3901707760336 294
1607829285253 769.9572587589779 295
1607829285254 769.1579622280979 296
1607829285256 767.4949833762172 297
1607829285257 766.6282331330953 298
1607829285259 765.4971159342123 299
1607829285260 762.8616314373994 300
1607829285262 762.1221889627014 301
1607829285263 760.6657267067277 302
1607829285264 759.1947383185357 303
1607829285266 757.872398517199 304
1607829285267 756.4393201954441 305
1607829285269 755.7534578918949 306
1607829285270 755.2345268856621 307
1607829285271 753.7640430086352 308
1607829285273 752.7851872450959 309
1607829285274 751.2345749021008 310
1607829285276 750.8180710961593 311
1607829285277 750.259221382153 312
1607829285278 749.3657215085627 313
1607829285280 747.8809641264138 314
1607829285281 745.714513579912 315
1607829285283 744.9568832051328 316
1607829285284 742.6128806345113 317
1607829285286 741.016622705017 318
1607829285287 740.1519350497524 319
1607829285288 739.016434780943 320
1607829285290 738.1256058657065 321
1607829285291 737.5027417154919 322
1607829285293 736.3977304925885 323
1607829285294 734.7615525683581 324
1607829285295 733.3217925669231 325
1607829285297 731.6161779863437 326
1607829285298 730.8861686171114 327
1607829285300 729.3018855847299 328
1607829285301 728.3487512012058 329
1607829285302 727.0600333017653 330
1607829285304 725.874809676199 331
1607829285305 724.4375706780096 332
1607829285307 722.9580659229869 333
1607829285308 721.05151137585 334
1607829285310 719.6357365693335 335
1607829285311 718.460966168602 336
1607829285312 717.0409515609014 337
1607829285314 716.5327415805826 338
1607829285315 715.1087629619703 339
1607829285317 714.6216727273951 340
1607829285318 713.7697746775415 341
1607829285319 712.1208725606921 342
1607829285321 711.1826912639928 343
1607829285322 709.9437536118575 344
1607829285324 708.3435149539741 345
1607829285325 705.8275552132293 346
1607829285327 705.4532560088679 347
1607829285328 705.1223426233428 348
1607829285329 704.4744861655921 349
1607829285331 703.3461606034108 350
1607829285332 701.4666670467724 351
1607829285334 700.4166991716558 352
1607829285335 699.6001058031623 353
1607829285336 698.6204198553569 354
1607829285338 696.8826007402009 355
1607829285339 696.2646005490931 356
1607829285341 695.6291264998817 357
1607829285342 694.8546802909555 358
1607829285343 694.3650327125722 359
1607829285345 693.41800792364 360
1607829285349 815.1332170674326 361
