1607829301166 1944.1502969154283 0
1607829301168 1923.3251161901842 1
1607829301170 1901.2044089413766 2
1607829301172 1881.9267641082897 3
1607829301174 1861.4582143158834 4
1607829301176 1841.778243368308 5
1607829301177 1822.375273293066 6
1607829301179 1803.6286604221223 7
1607829301180 1786.5180575192655 8
1607829301181 1770.2954550899794 9
1607829301183 1753.4678868973974 10
1607829301184 1735.7643560913807 11
1607829301186 1720.3537654938486 12
1607829301187 1705.8752634258838 13
1607829301188 1690.6142927573196 14
1607829301190 1675.0163931585346 15
1607829301191 1659.541453751258 16
1607829301192 1645.6306967180597 17
1607829301194 1630.941025261143 18
1607829301195 1619.1122032764251 19
1607829301197 1605.2815701918628 20
1607829301198 1591.1240536377813 21
1607829301199 1578.2049803670443 22
1607829301201 1566.7700121216328 23
1607829301202 1555.329679165436 24
1607829301203 1543.3131917350358 25
1607829301205 1532.0990380137425 26
1607829301206 1521.6374168146012 27
1607829301208 1509.954499273591 28
1607829301209 1499.327882742337 29
1607829301211 1488.9187382748516 30
1607829301212 1480.7362879056045 31
1607829301213 1470.7954238610964 32
1607829301215 1461.0180251757224 33
1607829301216 1450.3400084584366 34
1607829301217 1442.773092773916 35
1607829301219 1432.0572753642336 36
1607829301220 1422.3306705298587 37
1607829301221 1412.505857505424 38
1607829301223 1405.094938670716 39
1607829301224 1397.3255956501084 40
1607829301226 1390.1092574754623 41
1607829301227 1382.5296631124202 42
1607829301229 1374.868657445835 43
1607829301230 1366.4176718629305 44
1607829301231 1357.8160046430369 45
1607829301233 1350.0878990872204 46
1607829301234 1344.9469527679728 47
1607829301235 1338.056996191359 48
1607829301237 1331.1473804928598 49
1607829301238 1323.9383599887274 50
1607829301239 1315.9784025881718 51
1607829301241 1308.7341158123259 52
1607829301242 1303.6718147148501 53
1607829301244 1295.8471711628692 54
1607829301245 1289.7532493941285 55
1607829301246 1284.5659491189724 56
1607829301248 1278.4103938253963 57
1607829301249 1272.0986310950425 58
1607829301250 1267.027940177772 59
1607829301252 1262.3164224139148 60
1607829301253 1257.5800336140783 61
1607829301254 1251.5866567490077 62
1607829301256 1245.8638847374364 63
1607829301257 1240.7253632660756 64
1607829301258 1235.1888896719672 65
1607829301260 1229.7424917052042 66
1607829301261 1224.077121305618 67
1607829301263 1218.255218459041 68
1607829301264 1213.1229237952743 69
1607829301265 1207.0051226878074 70
1607829301267 1201.461263123391 71
1607829301268 1197.3034900486684 72
1607829301269 1192.4066547475252 73
1607829301271 1187.4348730197546 74
1607829301272 1182.1704945998615 75
1607829301274 1176.854093481201 76
1607829301275 1172.7012173575047 77
1607829301276 1168.3643710809768 78
1607829301278 1164.4540844557125 79
1607829301279 1160.463939609157 80
1607829301280 1155.0283255926388 81
1607829301282 1150.9557601128988 82
1607829301283 1147.9263462054535 83
1607829301285 1143.1042381913398 84
1607829301286 1138.8384985443959 85
1607829301287 1134.7169451849147 86
1607829301289 1131.5463952432265 87
1607829301290 1127.3160482131768 88
1607829301291 1124.714353141687 89
1607829301293 1121.8261666446497 90
1607829301294 1119.4272744433508 91
1607829301296 1116.185035086983 92
1607829301297 1111.6182507014184 93
1607829301298 1107.4239491737947 94
1607829301300 1104.0951891908508 95
1607829301301 1100.1758192515586 96
1607829301302 1096.773512132618 97
1607829301304 1093.6629988670186 98
1607829301305 1090.9010824465274 99
1607829301307 1088.073826229011 100
1607829301308 1085.3528069053812 101
1607829301309 1080.6719332297857 102
1607829301311 1077.1167973812994 103
1607829301312 1074.6846614825085 104
1607829301313 1072.033859316289 105
1607829301315 1070.2718353734472 106
1607829301316 1067.8446865566964 107
1607829301318 1064.9099419835668 108
1607829301319 1062.6906436108322 109
1607829301320 1060.4486845318008 110
1607829301322 1057.3614201609707 111
1607829301323 1054.6081654833024 112
1607829301324 1052.7393691897826 113
1607829301326 1050.4472375733405 114
1607829301327 1049.1392890684892 115
1607829301329 1045.9646907931547 116
1607829301330 1044.372044467002 117
1607829301331 1041.60661053711 118
1607829301333 1039.0707723491787 119
1607829301334 1035.5909935943964 120
1607829301335 1032.8327102682897 121
1607829301337 1030.8785624254367 122
1607829301338 1029.7586890126695 123
1607829301340 1025.802528121879 124
1607829301341 1023.6272432169437 125
1607829301342 1022.1793757115187 126
1607829301344 1020.7763129831812 127
1607829301345 1017.4830103456397 128
1607829301347 1014.8385412866518 129
1607829301348 1013.3007156449277 130
1607829301349 1011.6736517177104 131
1607829301351 1008.6245157165972 132
1607829301352 1006.4117193958853 133
1607829301353 1004.8151837102313 134
1607829301355 1002.833058012047 135
1607829301356 1000.8883769162211 136
1607829301357 997.4728246747137 137
1607829301359 995.6666412286319 138
1607829301360 994.1753865754677 139
1607829301362 993.1174570734402 140
1607829301363 989.7388091314002 141
1607829301364 987.4190719860599 142
1607829301366 985.6921684700518 143
1607829301367 984.5309928543892 144
1607829301368 982.6051705657466 145
1607829301370 981.3720783653806 146
1607829301371 977.5585626752929 147
1607829301373 975.7588773213463 148
1607829301374 973.635974194504 149
1607829301375 970.812996365396 150
1607829301377 969.3795551341416 151
1607829301378 966.3625725553713 152
1607829301380 963.7717773314323 153
1607829301381 962.1833169392256 154
1607829301382 960.7758854425931 155
1607829301384 958.4345805424283 156
1607829301385 957.4492631784688 157
1607829301387 955.9897599234868 158
1607829301388 953.941365297777 159
1607829301389 952.3388924075803 160
1607829301391 951.1409963635172 161
1607829301392 948.6107515765693 162
1607829301393 947.8529298917102 163
1607829301395 944.8860327938974 164
1607829301396 943.2859024458825 165
1607829301398 941.2880673742176 166
1607829301399 939.0250575359572 167
1607829301400 937.4137395038488 168
1607829301402 936.7022399666736 169
1607829301403 934.8476329585891 170
1607829301405 932.6195020231855 171
1607829301406 930.98626038993 172
1607829301407 930.4637077625947 173
1607829301409 928.6734405522528 174
1607829301410 926.3535303543954 175
1607829301411 923.4632659248917 176
1607829301413 921.6732582447913 177
1607829301414 920.281894465149 178
1607829301416 917.9664926113201 179
1607829301417 915.7629501713177 180
1607829301418 914.0401830803181 181
1607829301420 911.565737326593 182
1607829301421 909.3720495744262 183
1607829301422 908.1561638673727 184
1607829301424 907.5305141982111 185
1607829301425 906.3933399326903 186
1607829301427 904.6291934749814 187
1607829301428 902.9994149862305 188
1607829301429 900.7859025941314 189
1607829301431 898.4255551119228 190
1607829301432 896.8810538310948 191
1607829301433 895.7384900300075 192
1607829301435 893.8343456206564 193
1607829301436 891.4687895123295 194
1607829301438 890.246425176789 195
1607829301439 887.9942720120272 196
1607829301440 885.9560828169076 197
1607829301442 884.3735755198867 198
1607829301443 883.5911658815065 199
1607829301444 880.7460135449509 200
1607829301446 878.7962847815717 201
1607829301447 878.0758036152912 202
1607829301448 876.7269565777394 203
1607829301450 875.2677670849062 204
1607829301451 872.859830405889 205
1607829301452 869.8771939346975 206
1607829301454 868.4544889460042 207
1607829301455 867.4060392953627 208
1607829301457 865.7633725487539 209
1607829301458 864.4663662209845 210
1607829301459 863.6088710347033 211
1607829301461 861.5711229815964 212
1607829301462 860.4730868856412 213
1607829301463 859.0748511107412 214
1607829301465 857.8289534544093 215
1607829301466 856.2528792554145 216
1607829301468 854.8532943736005 217
1607829301469 853.4961939868401 218
1607829301470 851.7309580454034 219
1607829301472 849.9020890097362 220
1607829301473 849.4340839604347 221
1607829301474 848.509962044411 222
1607829301476 847.007194111487 223
1607829301477 845.6808404022638 224
1607829301479 843.9763357281073 225
1607829301480 842.2030776846534 226
1607829301481 840.561380764155 227
1607829301483 838.1479403606533 228
1607829301484 837.4405942671934 229
1607829301486 836.7346424144663 230
1607829301487 834.739365487274 231
1607829301488 833.0397842310613 232
1607829301490 831.9423854788278 233
1607829301491 831.1817806346863 234
1607829301492 830.1289557534053 235
1607829301494 829.1082593126814 236
1607829301495 827.4874878870754 237
1607829301497 826.1915386203299 238
1607829301498 824.5483284771502 239
1607829301499 822.8276185594866 240
1607829301501 821.0510787429637 241
1607829301502 820.2512582589713 242
1607829301503 819.3840429881516 243
1607829301505 817.2176665772836 244
1607829301506 816.1614939438324 245
1607829301508 813.9476006962799 246
1607829301509 812.2000208956113 247
1607829301510 810.6557941974892 248
1607829301512 808.8135676778378 249
1607829301513 807.9079545519081 250
1607829301514 806.4324015059708 251
1607829301516 804.8688501799912 252
1607829301517 802.7286274171466 253
1607829301519 802.0109351489867 254
1607829301520 801.0796880502959 255
1607829301521 799.97556329846 256
1607829301523 799.4081003438845 257
1607829301524 798.2524554259512 258
1607829301525 796.3606179025362 259
1607829301527 795.6269317070123 260
1607829301528 794.3885831913989 261
1607829301530 793.6490403214423 262
1607829301531 793.0679781175296 263
1607829301532 791.8814571771721 264
1607829301534 791.1103588475462 265
1607829301535 790.0805552567998 266
1607829301539 941.2880673742176 267
