1607830948621 1858.0011693651425 0
1607830948623 1845.159801779245 1
1607830948625 1831.0827727410876 2
1607830948626 1817.6768451394087 3
1607830948628 1805.1431282818307 4
1607830948630 1792.7861789140682 5
1607830948631 1780.597586531376 6
1607830948632 1768.1796044543748 7
1607830948634 1755.9873079834147 8
1607830948635 1744.6656169541834 9
1607830948637 1732.743351547913 10
1607830948638 1721.5588811477587 11
1607830948639 1709.9250181574466 12
1607830948641 1699.1867225715016 13
1607830948642 1688.881675131174 14
1607830948643 1678.3805195551627 15
1607830948645 1668.1910545982612 16
1607830948646 1658.0473813454137 17
1607830948648 1648.1504688299121 18
1607830948649 1639.2849196028233 19
1607830948650 1629.282947560101 20
1607830948652 1619.7983128898209 21
1607830948653 1610.7683981331727 22
1607830948655 1603.0414410512187 23
1607830948656 1594.148917981364 24
1607830948657 1585.879934129559 25
1607830948659 1577.2754883213036 26
1607830948660 1568.820059154041 27
1607830948661 1561.153634567416 28
1607830948663 1553.9733588422905 29
1607830948664 1546.9873729402466 30
1607830948666 1540.148384147923 31
1607830948667 1533.7242520765947 32
1607830948668 1527.280250916929 33
1607830948670 1519.5621822426165 34
1607830948671 1512.2303196349 35
1607830948672 1504.5685732131105 36
1607830948674 1498.3879855076766 37
1607830948675 1490.9576200752842 38
1607830948676 1484.5706046927194 39
1607830948678 1477.3067250333747 40
1607830948679 1471.3897131162678 41
1607830948680 1464.4435394683967 42
1607830948682 1458.6253372846145 43
1607830948683 1452.3896954795723 44
1607830948685 1447.338563431976 45
1607830948686 1440.6225620894884 46
1607830948687 1435.3058727213086 47
1607830948689 1429.657199111284 48
1607830948690 1424.345619409369 49
1607830948692 1420.4827490716648 50
1607830948693 1414.4858396149327 51
1607830948694 1409.2692867439291 52
1607830948696 1403.724440640984 53
1607830948697 1398.2846557710575 54
1607830948699 1393.4086260069541 55
1607830948700 1387.7770761236557 56
1607830948702 1382.893593265756 57
1607830948703 1378.2920340930089 58
1607830948704 1373.482761390955 59
1607830948706 1369.1834492274354 60
1607830948707 1364.551054036167 61
1607830948709 1360.1255782366807 62
1607830948710 1354.3358447428736 63
1607830948711 1350.242180212845 64
1607830948713 1346.8570186070963 65
1607830948714 1342.40696928789 66
1607830948716 1338.0243356989706 67
1607830948717 1333.182285830965 68
1607830948719 1328.4670788317317 69
1607830948720 1324.862115311369 70
1607830948722 1321.3625777581624 71
1607830948723 1317.9311427562561 72
1607830948724 1314.1986951612807 73
1607830948726 1309.4998478209557 74
1607830948727 1305.9199802454903 75
1607830948729 1302.876236796228 76
1607830948730 1299.6347433664607 77
1607830948732 1296.319045122234 78
1607830948733 1293.560603352791 79
1607830948734 1289.9277353860361 80
1607830948736 1286.9811014221627 81
1607830948737 1283.0637493838105 82
1607830948739 1279.2254987349813 83
1607830948740 1275.081492119496 84
1607830948741 1271.1453533130086 85
1607830948743 1267.6848960898176 86
1607830948744 1264.3291714735296 87
1607830948745 1260.9945636853408 88
1607830948747 1258.1289013639027 89
1607830948748 1254.6588094219628 90
1607830948750 1250.3566584477358 91
1607830948751 1247.0315604622658 92
1607830948753 1245.0594145653547 93
1607830948754 1240.844583699478 94
1607830948755 1237.003742868121 95
1607830948757 1232.7868907211507 96
1607830948758 1229.008547893673 97
1607830948760 1225.2059833033077 98
1607830948761 1221.862124107234 99
1607830948762 1218.30080510863 100
1607830948764 1214.5721182332181 101
1607830948765 1211.798937282379 102
1607830948766 1208.6413511077208 103
1607830948768 1206.0583328743157 104
1607830948769 1203.2389410898131 105
1607830948771 1200.0483337712783 106
1607830948772 1197.133652020852 107
1607830948773 1193.0667469873504 108
1607830948775 1189.6690713139908 109
1607830948776 1186.0853216447188 110
1607830948778 1182.9446670657849 111
1607830948779 1180.2780704419115 112
1607830948780 1177.4588703816667 113
1607830948782 1174.4314477920134 114
1607830948783 1171.4733758854672 115
1607830948785 1168.378255810401 116
1607830948786 1166.0545606380322 117
1607830948787 1163.274342328796 118
1607830948789 1160.2921975944469 119
1607830948790 1157.8886364926702 120
1607830948791 1155.3077641388545 121
1607830948793 1152.3539575170257 122
1607830948794 1150.4362950755053 123
1607830948796 1148.3762184698753 124
1607830948797 1145.373717249899 125
1607830948798 1143.004038816692 126
1607830948800 1140.6118521077917 127
1607830948801 1137.952996002848 128
1607830948803 1135.1712570217103 129
1607830948804 1132.5937746608063 130
1607830948806 1130.5420307850295 131
1607830948807 1128.2109205843892 132
1607830948808 1124.638825817871 133
1607830948810 1122.0786878179 134
1607830948811 1119.0614568270958 135
1607830948813 1117.9660272015726 136
1607830948814 1116.536847882195 137
1607830948816 1113.713363301635 138
1607830948817 1111.6410301624285 139
1607830948818 1109.4765677205899 140
1607830948820 1106.8343942914466 141
1607830948821 1104.3260313519406 142
1607830948823 1102.6942549117273 143
1607830948824 1101.1570801419466 144
1607830948825 1099.173757563534 145
1607830948827 1096.771917307003 146
1607830948828 1095.0517699040522 147
1607830948829 1093.7786085731611 148
1607830948831 1091.0623275606083 149
1607830948832 1089.7678561071957 150
1607830948834 1088.5535341080558 151
1607830948835 1084.9898576897072 152
1607830948836 1083.926185612352 153
1607830948838 1082.5567680183235 154
1607830948839 1080.659230664108 155
1607830948841 1078.0370998511603 156
1607830948842 1076.5156499942257 157
1607830948843 1075.6039268127554 158
1607830948845 1074.071482367129 159
1607830948846 1072.1495644405634 160
1607830948848 1070.7413614021125 161
1607830948849 1069.3514076289127 162
1607830948850 1067.0321470772342 163
1607830948852 1065.644117130609 164
1607830948853 1063.9447645686748 165
1607830948854 1062.6605862442213 166
1607830948856 1061.4692267656294 167
1607830948857 1059.998351906894 168
1607830948859 1058.1182232525025 169
1607830948860 1056.6825666728012 170
1607830948861 1054.8988552517462 171
1607830948863 1053.6550905909803 172
1607830948864 1052.615924687934 173
1607830948866 1051.4533230387424 174
1607830948867 1050.2887134371522 175
1607830948868 1048.0042581125374 176
1607830948870 1046.5120962897072 177
1607830948871 1045.2524986760554 178
1607830948873 1044.0746506692226 179
1607830948874 1042.5657703654933 180
1607830948875 1041.0253522606106 181
1607830948877 1039.5651487521432 182
1607830948878 1037.9197370219235 183
1607830948880 1037.1278773240272 184
1607830948881 1036.031340315233 185
1607830948882 1034.9932089177114 186
1607830948884 1033.6205051333973 187
1607830948885 1032.5476085873408 188
1607830948887 1030.4239637862286 189
1607830948888 1028.923890382946 190
1607830948889 1027.9614727018013 191
1607830948891 1026.0663543801174 192
1607830948892 1025.256537164205 193
1607830948893 1023.9969667307043 194
1607830948895 1022.575001345883 195
1607830948896 1021.5206406950157 196
1607830948898 1020.6784538696689 197
1607830948899 1018.8836776544771 198
1607830948900 1018.0508422533712 199
1607830948902 1016.7602147324004 200
1607830948903 1015.4479257212919 201
1607830948904 1013.2767562665034 202
1607830948906 1012.0937189304957 203
1607830948907 1010.1813284389273 204
1607830948909 1008.8855458905666 205
1607830948910 1007.3741111746001 206
1607830948911 1006.6456277172741 207
1607830948913 1005.6903491511107 208
1607830948914 1005.0484882771808 209
1607830948916 1004.3823509798136 210
1607830948917 1003.4927659724777 211
1607830948919 1001.9416332521474 212
1607830948920 1000.9560980968255 213
1607830948921 1000.09873130308 214
1607830948923 999.2099213910709 215
1607830948924 997.9117674536768 216
1607830948926 996.687483281681 217
1607830948927 996.019504416766 218
1607830948928 994.488677072401 219
1607830948930 993.5695377745808 220
1607830948931 992.0767098151614 221
1607830948933 990.1720737204043 222
1607830948934 989.2306949101337 223
1607830948936 988.247342790583 224
1607830948937 987.3829662390633 225
1607830948938 985.9482431685475 226
1607830948940 985.095838504593 227
1607830948941 984.0642381666872 228
1607830948943 983.157122145512 229
1607830948944 982.1522466474613 230
1607830948945 981.291615362984 231
1607830948947 980.3250833784925 232
1607830948948 979.2897304838256 233
1607830948950 978.7879627782366 234
1607830948951 977.1347684140635 235
1607830948953 976.3604091133926 236
1607830948954 974.0292028577841 237
1607830948955 972.6586520785071 238
1607830948957 971.770861732131 239
1607830948958 971.131841799895 240
1607830948960 970.3339334531338 241
1607830948961 969.5118693956284 242
1607830948962 967.5288004623969 243
1607830948964 965.2365441914612 244
1607830948965 963.3231035842985 245
1607830948967 962.7449804900382 246
1607830948968 962.3356627740125 247
1607830948969 961.370964359627 248
1607830948971 959.6133656072928 249
1607830948972 959.0037995515927 250
1607830948974 957.8750633004869 251
1607830948975 956.6338559644252 252
1607830948976 955.7210029741395 253
1607830948978 954.2738170584043 254
1607830948979 952.2045314273925 255
1607830948981 951.797511785604 256
1607830948982 950.8044641264507 257
1607830948983 949.5277733949417 258
1607830948985 948.6261288132885 259
1607830948986 947.6174184059828 260
1607830948988 946.719278620237 261
1607830948989 945.1675600073647 262
1607830948990 944.1279982979383 263
1607830948992 943.1831625708105 264
1607830948993 942.0692164767214 265
1607830948994 939.9162807352839 266
1607830948996 939.4133408164558 267
1607830948997 937.3521575160653 268
1607830948999 936.5824729285813 269
1607830949000 935.373356056291 270
1607830949001 933.972855966503 271
1607830949003 933.3388158080536 272
1607830949004 932.0181465872892 273
1607830949005 930.7113748644762 274
1607830949007 929.5571734102497 275
1607830949008 929.0994687950431 276
1607830949010 927.1568065479316 277
1607830949011 926.399012601909 278
1607830949012 924.9696753531973 279
1607830949014 923.716353117035 280
1607830949015 922.4255184792307 281
1607830949017 922.1696132918987 282
1607830949018 921.116318147087 283
1607830949019 918.8646968801119 284
1607830949021 917.4259588446115 285
1607830949022 915.9126593291257 286
1607830949023 915.1029612451555 287
1607830949025 913.0612134126861 288
1607830949026 911.7724647088946 289
1607830949028 911.1025973930683 290
1607830949029 908.8745257430768 291
1607830949030 907.4942181197617 292
1607830949032 906.4043765576884 293
1607830949033 905.5504758772853 294
1607830949034 905.0613624011347 295
1607830949036 904.2497045464831 296
1607830949037 903.2111279074594 297
1607830949039 901.4479677556232 298
1607830949040 900.3789312041506 299
1607830949041 899.324695337068 300
1607830949043 898.3529135873547 301
1607830949044 896.8305027602632 302
1607830949045 895.5017174706204 303
1607830949047 894.6486676647195 304
1607830949048 893.1614797765491 305
1607830949050 892.5035147088784 306
1607830949051 892.073428802616 307
1607830949052 891.6157113560315 308
1607830949054 890.552920024616 309
1607830949055 889.9389719757372 310
1607830949056 888.7238951420887 311
1607830949058 887.3418434386429 312
1607830949059 886.375364146667 313
1607830949061 885.9130504560254 314
1607830949062 883.7155983905637 315
1607830949063 882.6479345346326 316
1607830949065 880.9940576485291 317
1607830949066 880.3545966420431 318
1607830949067 878.209646513058 319
1607830949069 877.5029939990088 320
1607830949070 876.5789489238647 321
1607830949072 875.6933140882678 322
1607830949073 874.5283272866063 323
1607830949074 873.7357324233399 324
1607830949076 872.3179942737308 325
1607830949077 870.9677156591008 326
1607830949078 869.8519855206067 327
1607830949080 869.1797050896727 328
1607830949081 868.7548633802473 329
1607830949083 867.2403591664142 330
1607830949084 866.8241538119319 331
1607830949085 865.1045593005017 332
1607830949087 864.3445427462144 333
1607830949088 862.4717307212766 334
1607830949090 861.679787163417 335
1607830949091 860.6455739212507 336
1607830949092 859.0514695085866 337
1607830949094 858.2558987934947 338
1607830949095 857.9701619196059 339
1607830949097 857.1165398508562 340
1607830949098 855.2319119616005 341
1607830949099 854.0620470089688 342
1607830949101 853.2772904605733 343
1607830949102 852.5519717872133 344
1607830949103 851.7091533614488 345
1607830949105 851.3912146260944 346
1607830949106 850.8937871716959 347
1607830949108 850.3622449505236 348
1607830949109 849.8402915933917 349
1607830949110 848.2618882975031 350
1607830949112 847.5986827704359 351
1607830949113 846.6027746301074 352
1607830949114 845.8658117816092 353
1607830949116 845.2179170757427 354
1607830949117 844.642652906131 355
1607830949119 843.75705145583 356
1607830949120 842.618146517434 357
1607830949121 840.853953844175 358
1607830949123 839.9566322642044 359
1607830949124 839.2498152072767 360
1607830949125 838.5363780905594 361
1607830949127 837.9390691706648 362
1607830949128 837.2292737038647 363
1607830949130 836.3849406815607 364
1607830949131 835.5005503439793 365
1607830949132 833.813507056226 366
1607830949134 833.0133033568479 367
1607830949135 831.7321875248373 368
1607830949137 831.3458772506181 369
1607830949138 830.0926951605453 370
1607830949139 829.3432409886224 371
1607830949141 828.2086242431782 372
1607830949142 827.4351899596584 373
1607830949143 826.605029897681 374
1607830949145 826.135817386253 375
1607830949146 825.7520679387894 376
1607830949148 824.9834028517255 377
1607830949149 824.0719817580011 378
1607830949150 823.5846344446326 379
1607830949152 822.5471391773287 380
1607830949153 821.7310088707266 381
1607830949155 821.1859652131732 382
1607830949156 820.7754608596375 383
1607830949157 820.142797237429 384
1607830949159 819.0969848371096 385
1607830949160 817.8949787979485 386
1607830949162 817.4106837693141 387
1607830949163 816.580279420236 388
1607830949164 815.3656635207819 389
1607830949166 814.7980445073384 390
1607830949167 813.2920555253676 391
1607830949168 812.7386299936693 392
1607830949170 811.7811726661723 393
1607830949171 810.3702793340971 394
1607830949173 809.1738409004639 395
1607830949174 808.5942831367142 396
1607830949175 808.2329287470126 397
1607830949177 807.2111583495155 398
1607830949178 806.0219639050151 399
1607830949180 805.283779009826 400
1607830949181 804.8673167041123 401
1607830949182 804.1979235863157 402
1607830949184 803.0029837043022 403
1607830949185 802.1278715374417 404
1607830949187 801.2572610825381 405
1607830949188 800.2101924040336 406
1607830949189 799.6070088706753 407
1607830949191 799.1728057945975 408
1607830949192 798.4454755080314 409
1607830949193 797.3031031137841 410
1607830949195 796.9042567715059 411
1607830949196 796.0145480778257 412
1607830949198 794.6068434659846 413
1607830949199 793.4281597211641 414
1607830949200 793.023505408973 415
1607830949202 792.3286927320434 416
1607830949203 792.0128888272387 417
1607830949205 790.9036476067691 418
1607830949206 789.7616379674672 419
1607830949207 789.3794438200648 420
1607830949209 788.6206349050417 421
1607830949210 787.0179189763976 422
1607830949211 786.4900505595346 423
1607830949213 786.2206246186345 424
1607830949214 784.9963216337635 425
1607830949216 784.3613979176478 426
1607830949217 783.9433209739886 427
1607830949218 782.7817701903958 428
1607830949220 781.8837656025767 429
1607830949221 780.0788734389984 430
1607830949223 779.6361172492541 431
1607830949224 777.9318493547165 432
1607830949225 777.3948627045303 433
1607830949227 776.7925415497339 434
1607830949228 776.1455423338678 435
1607830949230 775.7361657824928 436
1607830949231 775.198461070976 437
1607830949232 774.48285155803 438
1607830949234 773.482913998802 439
1607830949235 771.9120958479413 440
1607830949236 771.0471337035007 441
1607830949238 770.6537564748137 442
1607830949239 769.5132553147012 443
1607830949241 769.025307596479 444
1607830949242 768.4396176261291 445
1607830949243 767.038998417023 446
1607830949245 765.9451754518742 447
1607830949246 765.4602317140714 448
1607830949247 763.8571027129475 449
1607830949249 762.7383627231745 450
1607830949250 762.373445327655 451
1607830949252 761.5487570118208 452
1607830949253 760.5039517383635 453
1607830949254 759.2743573235058 454
1607830949256 759.0768979625975 455
1607830949257 758.3431663199835 456
1607830949259 757.600297022526 457
1607830949260 756.6940976791018 458
1607830949261 755.4628781517629 459
1607830949263 754.8102210598819 460
1607830949264 754.1705801396749 461
1607830949266 753.6819330909439 462
1607830949267 752.2483039044957 463
1607830949268 751.4442088950116 464
1607830949270 750.8353340282113 465
1607830949271 750.1741463188038 466
1607830949273 749.7006588155517 467
1607830949274 749.1002864592052 468
1607830949275 748.7779931498267 469
1607830949277 747.853454484012 470
1607830949278 747.1081192259753 471
1607830949280 746.6473668718455 472
1607830949281 745.7164603983355 473
1607830949282 743.8509947668283 474
1607830949284 742.8430962060581 475
1607830949285 741.7730174910622 476
1607830949287 740.920435254635 477
1607830949288 739.6851026802948 478
1607830949289 739.4554262485694 479
1607830949291 739.2714725283765 480
1607830949292 738.0515705679126 481
1607830949294 737.4925304105433 482
1607830949295 735.9508433001025 483
1607830949296 735.2583145819199 484
1607830949298 734.5765172497303 485
1607830949299 733.3635432278463 486
1607830949300 733.0700869920388 487
1607830949302 732.8785680532529 488
1607830949303 732.4439165439682 489
1607830949305 731.9796515488425 490
1607830949306 731.2340222701733 491
1607830949307 729.9507944680109 492
1607830949309 729.5286381949375 493
1607830949310 728.6177491084117 494
1607830949312 728.3618339292609 495
1607830949313 727.4437456422002 496
1607830949314 727.0460030621787 497
1607830949316 726.7735033266126 498
1607830949317 725.9246837687641 499
1607830949319 725.1687578561466 500
1607830949320 724.4413714377182 501
1607830949321 724.2259185783369 502
1607830949323 723.9749153517764 503
1607830949324 723.3555535118956 504
1607830949326 722.9474280652292 505
1607830949327 722.3965718506794 506
1607830949328 721.8542652216026 507
1607830949330 720.5690409958685 508
1607830949331 719.7682002659159 509
1607830949332 719.359687691777 510
1607830949334 718.5298487264141 511
1607830949335 718.141168956698 512
1607830949337 717.3020521150265 513
1607830949338 716.5741841119693 514
1607830949339 715.6355522796138 515
1607830949341 714.654519135183 516
1607830949342 713.736392083648 517
1607830949344 712.8968623186372 518
1607830949345 712.7134487213577 519
1607830949346 712.2120256746497 520
1607830949348 711.8090758133852 521
1607830949349 711.564991364223 522
1607830949351 711.0632541108664 523
1607830949352 710.0776556996454 524
1607830949353 709.5002957070612 525
1607830949355 708.703154194536 526
1607830949356 708.1942709433426 527
1607830949358 707.7039899715293 528
1607830949359 707.2185938553953 529
1607830949360 705.6923254034276 530
1607830949362 705.0275732434195 531
1607830949363 704.2276784213553 532
1607830949364 703.6423171878452 533
1607830949366 702.964321199531 534
1607830949367 702.5641288810147 535
1607830949369 702.1786377542253 536
1607830949370 700.8053751607627 537
1607830949371 700.1939552883535 538
1607830949373 699.5535544769943 539
1607830949374 698.768898375724 540
1607830949376 697.9705893074246 541
1607830949377 697.5572259276497 542
1607830949379 697.25850080184 543
1607830949380 696.77242792181 544
1607830949381 696.122583574249 545
1607830949383 695.1091805699385 546
1607830949384 694.0576660462443 547
1607830949386 693.419832913763 548
1607830949387 692.6091413204365 549
1607830949388 691.8689886607515 550
1607830949390 690.8300362716909 551
1607830949391 690.2484392974987 552
1607830949393 689.662540213403 553
1607830949394 688.9839754837751 554
1607830949395 688.4826681725466 555
1607830949397 688.1943846017982 556
1607830949398 687.7373642113871 557
1607830949400 687.3743463496422 558
1607830949401 686.7555493173197 559
1607830949402 686.526064736999 560
1607830949404 686.3653852280571 561
1607830949405 686.1721447580945 562
1607830949407 685.6657785925877 563
1607830949408 684.8009402162904 564
1607830949409 683.7596168862751 565
1607830949411 683.3250552402716 566
1607830949412 682.9790011353218 567
1607830949413 682.7267618745207 568
1607830949415 682.1484070976242 569
1607830949416 681.678386211773 570
1607830949418 681.3105779922303 571
1607830949419 681.0905605453215 572
1607830949420 680.0993011856325 573
1607830949422 679.8772763614307 574
1607830949423 679.6145131098835 575
1607830949425 678.9264883496323 576
1607830949426 678.4809780305719 577
1607830949427 678.1668175261204 578
1607830949429 677.5554147556451 579
1607830949430 677.3965081074729 580
1607830949431 676.2955624682587 581
1607830949433 675.6487392833367 582
1607830949434 674.9018340631429 583
1607830949436 673.8928843963366 584
1607830949437 673.0795745977917 585
1607830949439 672.1755307480403 586
1607830949440 671.8159254844539 587
1607830949441 671.4270704754595 588
1607830949443 670.621376139077 589
1607830949444 669.3460988292636 590
1607830949445 669.0023107381234 591
1607830949447 668.6818896893241 592
1607830949448 667.4354810946128 593
1607830949450 666.198286928743 594
1607830949451 665.9015661959603 595
1607830949452 665.3413988755018 596
1607830949454 664.8190634295987 597
1607830949455 663.8803619407864 598
1607830949457 663.0339923071003 599
1607830949458 662.0362413173923 600
1607830949459 661.5811682681191 601
1607830949461 661.3921445367708 602
1607830949462 660.4832571104084 603
1607830949464 660.0823255446735 604
1607830949465 658.3923116525087 605
1607830949466 657.9757122420314 606
1607830949468 657.1451624278177 607
1607830949469 656.8079954855081 608
1607830949471 656.3167550425094 609
1607830949472 656.1238339494868 610
1607830949473 655.8720977107351 611
1607830949475 655.1641667483522 612
1607830949476 654.315061874106 613
1607830949478 653.6094097785592 614
1607830949479 652.8761253668503 615
1607830949480 652.6656051664079 616
1607830949482 651.7635510731703 617
1607830949483 651.2394999332582 618
1607830949485 650.8311868877073 619
1607830949486 650.4589827283572 620
1607830949487 649.9458434802016 621
1607830949489 649.3070897301903 622
1607830949490 648.6070736069205 623
1607830949491 648.3114960979154 624
1607830949493 647.5091589017651 625
1607830949494 647.2162364608656 626
1607830949496 646.1651007308077 627
1607830949497 645.5296812736491 628
1607830949498 644.8306437064609 629
1607830949500 644.5037634718492 630
1607830949501 644.1687066324902 631
1607830949503 643.8404142461203 632
1607830949504 643.3965968666492 633
1607830949506 642.780660629617 634
1607830949507 642.2897603363043 635
1607830949508 641.9878949705412 636
1607830949510 641.0998128331872 637
1607830949511 640.7399214421449 638
1607830949512 640.4023014545359 639
1607830949514 640.1847969129618 640
1607830949515 639.5235300497617 641
1607830949517 639.2335363771496 642
1607830949518 638.6572453193086 643
1607830949519 637.9941172913109 644
1607830949521 637.6046438019616 645
1607830949522 636.8213931671443 646
1607830949524 636.3965930235593 647
1607830949525 635.07391247571 648
1607830949526 634.6096668640935 649
1607830949528 634.0234293405772 650
1607830949529 633.7765836535681 651
1607830949530 633.4427240434195 652
1607830949532 633.1712312530879 653
1607830949533 632.4976956709526 654
1607830949535 631.9301383812784 655
1607830949536 631.5223038277663 656
1607830949538 631.0619981712115 657
1607830949539 630.7777831084136 658
1607830949540 630.5636651050204 659
1607830949542 629.5759262020658 660
1607830949543 628.4737271231493 661
1607830949544 628.1988683000288 662
1607830949546 627.783034269802 663
1607830949547 627.0354142432251 664
1607830949549 626.0582895595148 665
1607830949550 624.9987607917126 666
1607830949551 624.6394163024707 667
1607830949553 623.8249605807775 668
1607830949554 623.1706732729584 669
1607830949556 622.1842536772426 670
1607830949557 621.7493864153929 671
1607830949558 621.341739674656 672
1607830949560 621.1896163281492 673
1607830949561 620.551563999379 674
1607830949562 619.6857022353427 675
1607830949564 619.223800892671 676
1607830949565 618.7059658175788 677
1607830949567 618.2713303403019 678
1607830949568 617.8316888041581 679
1607830949570 617.5913822575513 680
1607830949571 616.8914283249662 681
1607830949572 616.6038026718194 682
1607830949574 615.8091766658179 683
1607830949575 615.3569106196079 684
1607830949576 614.7070800361009 685
1607830949578 614.0419103570865 686
1607830949579 613.839543724372 687
1607830949581 613.4076838619873 688
1607830949582 612.7700581668046 689
1607830949583 612.2079525694908 690
1607830949585 611.753071888607 691
1607830949586 610.8530259494376 692
1607830949588 610.4223607037275 693
1607830949589 609.7664553784244 694
1607830949593 666.198286928743 695
