1607827477993 1850.8484070175023 0
1607827477995 1832.128985040515 1
1607827477997 1812.0504038309891 2
1607827477999 1793.924903008854 3
1607827478001 1776.3614630795462 4
1607827478002 1758.0922843452 5
1607827478004 1740.6523278780835 6
1607827478005 1723.7907691652615 7
1607827478006 1709.0659276751046 8
1607827478008 1693.7342368663024 9
1607827478009 1678.0430344861636 10
1607827478011 1663.1559078793064 11
1607827478012 1649.6967565563386 12
1607827478014 1634.8622198954347 13
1607827478016 1619.4646843456114 14
1607827478017 1606.094387947587 15
1607827478019 1592.542568606744 16
1607827478020 1580.7252329759972 17
1607827478021 1567.8680714874486 18
1607827478023 1554.2836381610155 19
1607827478024 1544.2057762025877 20
1607827478026 1532.6801628287185 21
1607827478027 1521.049843666326 22
1607827478029 1510.3877601175059 23
1607827478030 1500.266156663929 24
1607827478032 1489.6774889857973 25
1607827478034 1479.7151660456307 26
1607827478035 1468.6573741979216 27
1607827478036 1458.9007033880669 28
1607827478038 1449.4268175097372 29
1607827478039 1441.1299499060517 30
1607827478041 1433.3694693494308 31
1607827478042 1425.4741364822532 32
1607827478044 1417.056768114798 33
1607827478045 1408.2491700940716 34
1607827478047 1400.6778736289375 35
1607827478048 1393.7887088125744 36
1607827478050 1385.816877147873 37
1607827478051 1377.680367862376 38
1607827478053 1370.5647426971332 39
1607827478054 1364.8925128036426 40
1607827478055 1360.2440349597796 41
1607827478057 1355.081338813796 42
1607827478058 1349.2166686159944 43
1607827478060 1341.7083789444905 44
1607827478061 1336.2634491416316 45
1607827478063 1330.5763957526601 46
1607827478064 1324.458459040797 47
1607827478066 1320.1554153064442 48
1607827478067 1314.8080025692284 49
1607827478068 1309.0078934293313 50
1607827478070 1303.8014443031036 51
1607827478071 1297.1585355253078 52
1607827478073 1290.2725908832883 53
1607827478074 1285.7298078021379 54
1607827478075 1281.8611777858682 55
1607827478077 1276.152150332278 56
1607827478078 1270.28946606375 57
1607827478080 1264.4749532805738 58
1607827478081 1258.464127932255 59
1607827478083 1252.3011868541355 60
1607827478084 1246.1728435588025 61
1607827478086 1241.1303851669777 62
1607827478087 1235.9676271884869 63
1607827478088 1229.9668211316005 64
1607827478090 1224.2441167513296 65
1607827478091 1219.384467196933 66
1607827478093 1215.3778001936503 67
1607827478094 1209.1026286217361 68
1607827478096 1205.0710183575643 69
1607827478097 1200.1992777230832 70
1607827478098 1195.3412704229165 71
1607827478100 1190.8059273938181 72
1607827478101 1186.0360923268443 73
1607827478103 1182.0646436813036 74
1607827478104 1177.3960419849675 75
1607827478106 1172.719061504413 76
1607827478107 1167.1976983072836 77
1607827478108 1163.244030741269 78
1607827478110 1159.2063205578422 79
1607827478111 1156.4351555034307 80
1607827478113 1152.8786739258662 81
1607827478114 1149.3430836282478 82
1607827478116 1146.2307506997372 83
1607827478117 1142.5949004171598 84
1607827478119 1138.9168850686874 85
1607827478120 1136.0572457351047 86
1607827478121 1132.9473926498943 87
1607827478123 1128.059268210173 88
1607827478124 1124.4167041668502 89
1607827478126 1120.9120952509359 90
1607827478127 1117.6783453695953 91
1607827478128 1114.1911810956447 92
1607827478130 1111.601659332305 93
1607827478131 1108.4604181441118 94
1607827478133 1106.3778751320253 95
1607827478134 1104.0048769979721 96
1607827478136 1101.2023324055212 97
1607827478137 1098.2632634841573 98
1607827478138 1096.5681761018338 99
1607827478140 1092.6248578132236 100
1607827478141 1090.2713249333895 101
1607827478143 1087.2326823072005 102
1607827478144 1083.2958165978384 103
1607827478146 1080.0045545296143 104
1607827478147 1078.4507011803196 105
1607827478148 1076.1507172854276 106
1607827478150 1072.9341439147954 107
1607827478151 1070.4949484649267 108
1607827478153 1069.3649668218018 109
1607827478154 1066.7122254945152 110
1607827478156 1063.6227525918662 111
1607827478157 1060.72453875619 112
1607827478159 1058.614280956092 113
1607827478160 1057.5225716318487 114
1607827478161 1054.9175325152619 115
1607827478163 1053.5837089659085 116
1607827478164 1050.9438241286919 117
1607827478166 1048.8831175091814 118
1607827478167 1046.249339055805 119
1607827478169 1043.5232446927007 120
1607827478170 1041.9705675938908 121
1607827478172 1039.7293770841252 122
1607827478173 1038.032682875958 123
1607827478174 1036.0363879624008 124
1607827478176 1033.7942573699686 125
1607827478177 1032.5501243316057 126
1607827478179 1031.2261901930995 127
1607827478180 1029.0988478772294 128
1607827478182 1027.0458387187032 129
1607827478183 1025.0572157652862 130
1607827478184 1022.9207314612977 131
1607827478186 1021.5849584437515 132
1607827478187 1020.2271694402343 133
1607827478189 1019.0204905769947 134
1607827478190 1017.4223266689186 135
1607827478192 1015.8992325896974 136
1607827478193 1014.1310827165141 137
1607827478195 1012.0071039042117 138
1607827478196 1010.2698847188343 139
1607827478198 1008.9601396022817 140
1607827478199 1006.376824121748 141
1607827478200 1005.249669413341 142
1607827478202 1003.8259676744776 143
1607827478203 1003.1998956277379 144
1607827478205 1002.1219054122462 145
1607827478207 999.3131088081166 146
1607827478208 996.3527100600094 147
1607827478210 993.0549337431753 148
1607827478211 989.8794399623629 149
1607827478212 988.5577239584801 150
1607827478214 987.3394147855884 151
1607827478215 985.4916542353658 152
1607827478217 983.7270598394324 153
1607827478218 982.386011213739 154
1607827478220 981.7865339292387 155
1607827478221 979.9718545702236 156
1607827478223 978.6567289563518 157
1607827478224 977.42484053911 158
1607827478225 976.4722630631868 159
1607827478227 974.0545520966585 160
1607827478228 972.3082997481368 161
1607827478230 970.6567904950239 162
1607827478231 968.6472984597808 163
1607827478233 967.5047466646652 164
1607827478234 966.170278523285 165
1607827478236 965.0900762504402 166
1607827478237 964.1780933984238 167
1607827478238 961.4770628808864 168
1607827478240 958.5213950768949 169
1607827478241 956.3193981195752 170
1607827478243 955.0169458224658 171
1607827478244 953.290550057072 172
1607827478246 951.5281178037271 173
1607827478247 949.7554096255864 174
1607827478249 948.0843113436986 175
1607827478250 945.0940506350652 176
1607827478251 943.1514901846538 177
1607827478253 942.0690296923577 178
1607827478254 940.6820012108451 179
1607827478256 938.6863306227146 180
1607827478257 936.5966691759446 181
1607827478259 935.2058925126704 182
1607827478260 934.031047047912 183
1607827478261 932.717554712979 184
1607827478263 930.8740636701644 185
1607827478264 929.3756258283336 186
1607827478266 928.4420111047505 187
1607827478267 927.6408375214453 188
1607827478269 925.5234498115617 189
1607827478270 924.0290844443948 190
1607827478272 922.5822041404525 191
1607827478273 919.3861011288333 192
1607827478274 918.1872320394075 193
1607827478276 917.5751907049964 194
1607827478277 915.9629910349664 195
1607827478279 914.9671616155774 196
1607827478280 914.2742760743984 197
1607827478282 913.3204718376862 198
1607827478283 910.6332235032844 199
1607827478285 909.7388695908994 200
1607827478286 907.2663278998843 201
1607827478287 906.5108919684386 202
1607827478289 905.14159778858 203
1607827478290 904.3541930516136 204
1607827478292 903.33308149363 205
1607827478293 901.7455371890892 206
1607827478295 900.5095878920132 207
1607827478296 898.1716509199953 208
1607827478298 897.623614377437 209
1607827478299 895.7663306969373 210
1607827478300 893.7181901511627 211
1607827478302 892.2730671968384 212
1607827478303 891.0012991165 213
1607827478305 888.8786392596064 214
1607827478306 888.3201906780522 215
1607827478308 887.8067344384273 216
1607827478309 885.0860778118644 217
1607827478310 882.9782938477131 218
1607827478312 881.7961806541626 219
1607827478313 880.5018814515621 220
1607827478315 879.2159720394912 221
1607827478316 877.1189106176511 222
1607827478318 874.3570576247472 223
1607827478319 872.1307377159311 224
1607827478321 870.3964791870972 225
1607827478322 869.3717269214712 226
1607827478323 868.6082541850558 227
1607827478325 868.0088979625212 228
1607827478326 865.8879897668675 229
1607827478328 865.0302773965145 230
1607827478329 863.9178347772053 231
1607827478331 863.5170845022283 232
1607827478332 862.6425552515468 233
1607827478334 861.5637958062393 234
1607827478335 860.1457606237508 235
1607827478336 858.653274062332 236
1607827478338 857.5316669881554 237
1607827478339 856.3751424950134 238
1607827478341 854.4530275354377 239
1607827478342 853.778851045821 240
1607827478344 852.6117739967596 241
1607827478345 851.0577289579439 242
1607827478347 848.955641122845 243
1607827478348 847.6585117265353 244
1607827478349 846.1172354365963 245
1607827478351 845.3459547982427 246
1607827478352 844.2908647759095 247
1607827478354 843.1861734365734 248
1607827478355 842.4333649034646 249
1607827478357 841.9283632375158 250
1607827478358 841.3434626836438 251
1607827478359 839.6600666336807 252
1607827478361 838.2749057306372 253
1607827478362 837.5124633227823 254
1607827478364 835.3405358358555 255
1607827478365 832.8175331429702 256
1607827478367 830.6903462709707 257
1607827478368 829.1440325874353 258
1607827478370 827.6331001193831 259
1607827478371 825.9483091093031 260
1607827478372 823.6484578849835 261
1607827478374 821.8716042052519 262
1607827478375 820.3277905941567 263
1607827478377 818.7654108797299 264
1607827478378 818.2609068238063 265
1607827478380 817.8564549875158 266
1607827478381 816.8340703333881 267
1607827478382 814.9255278176302 268
1607827478384 812.3595492464543 269
1607827478385 811.5986712441796 270
1607827478387 810.3462952807912 271
1607827478388 808.3343154645935 272
1607827478390 807.1333528215999 273
1607827478391 806.6752026258358 274
1607827478392 805.3376053613788 275
1607827478394 803.4839675210267 276
1607827478395 802.2528827169464 277
1607827478398 801.0884902348272 278
1607827478401 800.0627278593734 279
1607827478404 799.1223667480463 280
1607827478406 798.1187657359468 281
1607827478407 796.4523728561064 282
1607827478409 793.7722163328939 283
1607827478410 793.1270328913849 284
1607827478412 791.7727521519869 285
1607827478413 791.0082092880521 286
1607827478415 790.2737499730755 287
1607827478416 789.39338240651 288
1607827478418 787.7172014078795 289
1607827478420 787.1078604583356 290
1607827478421 786.1963168397884 291
1607827478423 784.0096735992204 292
1607827478424 782.41080476679 293
1607827478426 781.3610380967789 294
1607827478427 780.9981935461676 295
1607827478428 779.7356499355009 296
1607827478430 778.7460544826658 297
1607827478431 777.4474232760128 298
1607827478433 775.4933310891861 299
1607827478434 774.742753130711 300
1607827478436 773.4513264978 301
1607827478437 772.847731661613 302
1607827478439 771.0905029189972 303
1607827478440 769.7967280633262 304
1607827478442 768.1051399102 305
1607827478443 766.5983493937855 306
1607827478444 765.8424505348681 307
1607827478446 764.3350308898916 308
1607827478448 762.2253746470877 309
1607827478449 761.2759773872588 310
1607827478451 759.7204604307333 311
1607827478452 758.1138101788672 312
1607827478454 756.4019341498027 313
1607827478455 755.5596381952782 314
1607827478456 754.4351831591206 315
1607827478458 753.7908218211168 316
1607827478459 752.5836421686773 317
1607827478461 751.4802183850941 318
1607827478462 750.6430875016018 319
1607827478464 748.1033485906635 320
1607827478465 747.0103440126982 321
1607827478467 745.6013630316185 322
1607827478468 744.5109989329286 323
1607827478470 743.4744150444768 324
1607827478471 741.6210298776372 325
1607827478473 740.9622896050223 326
1607827478474 739.8519767103224 327
1607827478475 737.5969072428386 328
1607827478477 736.2556640022825 329
1607827478478 735.1919435516171 330
1607827478480 733.9338347670957 331
1607827478481 733.5427426718087 332
1607827478483 732.7336028715447 333
1607827478484 730.8933477958509 334
1607827478486 730.2916620278113 335
1607827478487 729.4015416762462 336
1607827478489 728.1478464911127 337
1607827478490 726.9488077221298 338
1607827478492 725.0559231888479 339
1607827478493 724.250797122148 340
1607827478494 723.6295943301863 341
1607827478496 723.1667293950196 342
1607827478497 722.1092573250271 343
1607827478499 720.9848979094614 344
1607827478500 719.9344551521348 345
1607827478502 719.0709059185361 346
1607827478503 718.4056729449774 347
1607827478505 717.1448936370007 348
1607827478506 716.8802048136798 349
1607827478508 714.1383855051342 350
1607827478509 713.7462800114288 351
1607827478511 712.0937309816937 352
1607827478512 710.3798073329809 353
1607827478514 709.7143944577514 354
1607827478515 708.9224928959119 355
1607827478517 707.7368275999069 356
1607827478518 706.3217786477031 357
1607827478520 705.5874855813636 358
1607827478521 704.1299292324628 359
1607827478522 703.7910669591408 360
1607827478524 702.9838512288568 361
1607827478525 701.9843167237326 362
1607827478527 700.8235705914718 363
1607827478528 699.7535329149352 364
1607827478530 699.2162617445742 365
1607827478531 698.848057950644 366
1607827478533 697.6181926301743 367
1607827478534 696.4874628076982 368
1607827478536 695.0373339170588 369
1607827478537 693.8640230080673 370
1607827478539 693.1016925421786 371
1607827478540 692.6566135960016 372
1607827478541 691.3996551011712 373
1607827478543 690.8746307104159 374
1607827478544 689.623966224349 375
1607827478546 688.8051852662627 376
1607827478547 687.5096953341197 377
1607827478549 687.1607616256653 378
1607827478550 685.7497472640065 379
1607827478552 684.4416319673285 380
1607827478553 683.6955871157458 381
1607827478555 683.2595346704244 382
1607827478556 681.4564348069392 383
1607827478558 680.3454225059331 384
1607827478559 679.0769185217769 385
1607827478560 678.574489260956 386
1607827478562 678.0439926225896 387
1607827478563 677.1858971161292 388
1607827478565 675.9828476181586 389
1607827478566 674.1928895587764 390
1607827478568 672.9545402296314 391
1607827478569 672.3692307606088 392
1607827478571 671.1334056973724 393
1607827478572 670.3694898973242 394
1607827478574 669.4191486957254 395
1607827478575 668.8539059939889 396
1607827478577 667.4110837973833 397
1607827478578 665.1317008082475 398
1607827478580 664.319237975513 399
1607827478581 663.6777993603412 400
1607827478582 662.1366517353972 401
1607827478584 660.9448832138677 402
1607827478586 659.0918528022088 403
1607827478587 658.5016097600252 404
1607827478588 657.1274349673133 405
1607827478590 656.3604143964711 406
1607827478591 655.2997782159824 407
1607827478593 654.7202817288296 408
1607827478594 653.6673064094743 409
1607827478596 653.0877470333824 410
1607827478597 652.2074322436397 411
1607827478599 651.5379927653003 412
1607827478600 650.1345493978081 413
1607827478602 649.4668946511666 414
1607827478603 648.6276240328328 415
1607827478605 647.3383783568571 416
1607827478606 646.0409818987879 417
1607827478607 644.3049399899343 418
1607827478609 643.6567796338617 419
1607827478610 642.6053083132806 420
1607827478612 641.2644088839453 421
1607827478613 640.704477108307 422
1607827478615 639.4781359667846 423
1607827478616 638.3492348369226 424
1607827478618 637.6801465881799 425
1607827478619 637.1683825395405 426
1607827478621 636.7599021820562 427
1607827478622 634.7909500079627 428
1607827478624 633.32894729498 429
1607827478625 632.3797493901426 430
1607827478626 631.6280306173637 431
1607827478628 631.2845592972262 432
1607827478629 630.9606850208977 433
1607827478631 629.8475414736325 434
1607827478632 628.952805225889 435
1607827478634 627.5151198533232 436
1607827478635 626.3072551125507 437
1607827478637 625.2956431362172 438
1607827478638 625.0590565513845 439
1607827478640 624.5226569477164 440
1607827478641 623.4419932839083 441
1607827478642 623.0262129336219 442
1607827478644 621.5585765427621 443
1607827478645 620.2725156157984 444
1607827478647 619.5985355045315 445
1607827478648 618.6020407249871 446
1607827478650 616.9225807595129 447
1607827478651 616.5416918341139 448
1607827478653 615.4316031612697 449
1607827478654 614.7095341682522 450
1607827478656 613.188402330854 451
1607827478657 612.1065687651188 452
1607827478659 610.4919835892401 453
1607827478660 610.0233081744668 454
1607827478661 609.4245109353727 455
1607827478663 607.2427357847436 456
1607827478664 606.6122701818539 457
1607827478666 605.3934608747816 458
1607827478667 604.8403126869592 459
1607827478669 604.2423599076467 460
1607827478670 603.2564521922053 461
1607827478672 602.9367146156671 462
1607827478673 602.2864837465884 463
1607827478675 601.4759172499577 464
1607827478676 601.2899707312955 465
1607827478678 599.5453460072333 466
1607827478679 598.2943517238551 467
1607827478680 598.0687550113812 468
1607827478682 597.4840317122425 469
1607827478684 597.0462741399688 470
1607827478685 596.6303530859681 471
1607827478686 595.9390882128974 472
1607827478688 595.6307672479 473
1607827478689 595.1892290993337 474
1607827478691 594.2054969164466 475
1607827478692 593.200376784661 476
1607827478694 592.6842087659368 477
1607827478695 591.9898481530944 478
1607827478697 591.3456262926607 479
1607827478698 589.7745639618275 480
1607827478699 589.0252699262355 481
1607827478701 588.5803294757769 482
1607827478703 588.240348300522 483
1607827478704 587.9560069793642 484
1607827478705 587.4251903318078 485
1607827478707 586.1381562182653 486
1607827478708 585.4872011337683 487
1607827478710 583.9374637810723 488
1607827478711 583.3360581734232 489
1607827478713 582.6979591555889 490
1607827478714 581.843891543663 491
1607827478716 581.5777377224864 492
1607827478717 580.8052966828586 493
1607827478719 579.7100816727117 494
1607827478720 579.3163350482686 495
1607827478722 578.0925453560696 496
1607827478723 576.8304165164327 497
1607827478724 576.3056047230516 498
1607827478726 575.6486142499436 499
1607827478727 575.2434090650387 500
1607827478729 574.6861184144625 501
1607827478730 573.938752381306 502
1607827478732 573.7409298963348 503
1607827478733 573.3832486296816 504
1607827478735 572.2338404209386 505
1607827478736 571.2270111782428 506
1607827478738 570.7784035207142 507
1607827478739 569.8832745326055 508
1607827478741 568.6482398406552 509
1607827478742 567.8984225958858 510
1607827478743 567.4762861914741 511
1607827478745 567.0697002592858 512
1607827478746 566.58296759004 513
1607827478748 566.0665197496929 514
1607827478749 564.8560116550098 515
1607827478751 564.1119912338435 516
1607827478752 562.9491419675634 517
1607827478754 561.7339286551697 518
1607827478755 561.1294195234411 519
1607827478757 559.9507140182342 520
1607827478758 559.3082281149854 521
1607827478760 558.9372702740005 522
1607827478761 558.0831718112645 523
1607827478762 557.375328669015 524
1607827478764 556.2351954799352 525
1607827478765 555.6958953482239 526
1607827478767 555.1384346896228 527
1607827478768 553.7245742939108 528
1607827478770 553.3726696013999 529
1607827478771 552.834501794742 530
1607827478773 552.683536074427 531
1607827478774 552.1500461305548 532
1607827478776 551.1382610971559 533
1607827478777 550.078564554322 534
1607827478779 549.2759010550858 535
1607827478780 548.7094315555728 536
1607827478781 547.5672611603011 537
1607827478783 546.4770884726082 538
1607827478785 545.7593859312595 539
1607827478786 545.2144330450035 540
1607827478787 544.8101885298016 541
1607827478789 544.2626019732289 542
1607827478790 543.4327303762246 543
1607827478792 543.0479054831284 544
1607827478793 542.4093622747449 545
1607827478795 542.0164211769472 546
1607827478796 541.0342883435376 547
1607827478798 540.5394151829511 548
1607827478799 539.7470859114421 549
1607827478801 539.0121786381613 550
1607827478802 538.4438049746702 551
1607827478804 537.7288907117994 552
1607827478805 536.9238019050882 553
1607827478806 536.2543564804542 554
1607827478808 535.4077114893332 555
1607827478809 535.0707407724374 556
1607827478811 534.6346474146276 557
1607827478812 534.1493098938424 558
1607827478814 533.912526584972 559
1607827478815 532.6049915261615 560
1607827478817 532.1191400211594 561
1607827478818 531.7775378078072 562
1607827478820 531.2388376428369 563
1607827478821 530.1236915591024 564
1607827478822 529.6952130746942 565
1607827478824 528.930887673792 566
1607827478825 528.2567711546805 567
1607827478827 527.2856850734776 568
1607827478828 525.9257068980303 569
1607827478830 525.053649039159 570
1607827478831 524.6896174840941 571
1607827478833 523.7606796976136 572
1607827478834 523.2819596732787 573
1607827478836 522.2211194564401 574
1607827478837 521.8570682085576 575
1607827478839 521.3333146865555 576
1607827478840 520.8787451922841 577
1607827478841 520.5310773101743 578
1607827478843 520.1950221583535 579
1607827478844 519.3925079202901 580
1607827478846 518.7949749109684 581
1607827478847 517.7760041129621 582
1607827478849 517.3336182577865 583
1607827478850 516.6885127086382 584
1607827478852 516.0726281264085 585
1607827478853 515.2617933156068 586
1607827478855 514.4442408510123 587
1607827478856 514.0795002039133 588
1607827478857 513.4787337894743 589
1607827478859 513.2450555681222 590
1607827478860 511.62549837794654 591
1607827478862 511.0980464963619 592
1607827478863 510.7099516868194 593
1607827478865 509.8374288277074 594
1607827478866 509.3759596613684 595
1607827478868 509.1230341199689 596
1607827478869 508.85285266382505 597
1607827478871 507.56381702759137 598
1607827478872 506.6026169541349 599
1607827478873 505.5529976212897 600
1607827478875 504.8118100875806 601
1607827478876 504.08397165494546 602
1607827478878 503.8704828294492 603
1607827478879 502.9312743323329 604
1607827478881 502.50339511247086 605
1607827478882 502.22666955167034 606
1607827478884 501.89076390259186 607
1607827478885 501.67524893469295 608
1607827478886 501.03771488926753 609
1607827478888 499.9390438692896 610
1607827478889 499.5282529407146 611
1607827478891 498.4151693212046 612
1607827478892 497.5536621189368 613
1607827478894 497.03227161581486 614
1607827478895 496.84716419918124 615
1607827478897 496.08227571327336 616
1607827478898 495.15549274855664 617
1607827478901 494.8694066257542 618
1607827478904 494.36342469682825 619
1607827478906 493.31299844994663 620
1607827478907 492.28977990571576 621
1607827478909 491.161494893328 622
1607827478910 490.247067273194 623
1607827478911 490.0856864957834 624
1607827478913 489.2470925441526 625
1607827478914 488.9108566129148 626
1607827478916 488.5555964415478 627
1607827478917 487.9994608898615 628
1607827478919 487.2851558240331 629
1607827478920 486.64232406327176 630
1607827478922 486.23806430629134 631
1607827478923 485.81079899232225 632
1607827478924 485.34458753399997 633
1607827478926 484.9966356757909 634
1607827478927 484.06215625157205 635
1607827478929 483.35707462544195 636
1607827478930 482.27865768910857 637
1607827478932 481.66119245623383 638
1607827478933 481.2691444988253 639
1607827478935 480.74160506917616 640
1607827478936 480.6223731894543 641
1607827478938 480.2635141113111 642
1607827478939 479.8307243265952 643
1607827478940 479.3805501459261 644
1607827478942 478.5919993506736 645
1607827478943 477.6108818927609 646
1607827478945 477.19079723816407 647
1607827478946 475.9242883746087 648
1607827478948 475.5589828240138 649
1607827478949 475.24756226441343 650
1607827478951 474.6431497556994 651
1607827478952 474.22545196989756 652
1607827478953 473.8701602970406 653
1607827478955 473.3006596601924 654
1607827478956 472.7877919296842 655
1607827478958 471.5470764082561 656
1607827478959 471.16785455022966 657
1607827478961 470.59185743183275 658
1607827478962 470.4037427543903 659
1607827478964 470.2700163405528 660
1607827478965 469.92979060282534 661
1607827478966 469.502201229628 662
1607827478968 468.3971871097279 663
1607827478969 468.203811587886 664
1607827478971 467.19199051219135 665
1607827478972 466.7599451423646 666
1607827478974 466.51729663282686 667
1607827478975 465.6624245248304 668
1607827478977 465.41526575532805 669
1607827478978 464.261253647194 670
1607827478980 463.6450147589268 671
1607827478981 463.0655120537962 672
1607827478982 462.1498839027573 673
1607827478984 461.4769977116987 674
1607827478985 460.96384061536304 675
1607827478987 460.6693227400628 676
1607827478988 460.0155696423421 677
1607827478990 459.1485853733781 678
1607827478991 458.51415865430613 679
1607827478993 457.7376425819667 680
1607827478994 457.1945657260409 681
1607827478996 456.6846523667467 682
1607827478997 456.32829308635695 683
1607827478998 455.66120877932303 684
1607827479000 454.9113509038835 685
1607827479001 454.5322466510519 686
1607827479003 453.51289750744223 687
1607827479004 452.85265738007485 688
1607827479006 451.97008946157626 689
1607827479007 451.2184092466531 690
1607827479009 450.9737887906669 691
1607827479010 450.62369805288876 692
1607827479012 450.2078535760687 693
1607827479013 449.36998373134975 694
1607827479014 449.24433490302226 695
1607827479016 448.35267609126015 696
1607827479017 447.82905287889895 697
1607827479019 447.0694883126688 698
1607827479020 446.4958591180116 699
1607827479022 445.6689171517774 700
1607827479023 444.6739561262862 701
1607827479025 444.3642289991324 702
1607827479026 443.7021342818603 703
1607827479028 443.00269163857075 704
1607827479029 442.54232807096554 705
1607827479030 441.186976300869 706
1607827479032 440.40822642518606 707
1607827479033 439.7626279558052 708
1607827479035 439.2496863264242 709
1607827479036 438.1053588617532 710
1607827479038 437.61366062561376 711
1607827479039 437.3197874059417 712
1607827479041 436.8269402985965 713
1607827479042 436.3266594613973 714
1607827479044 435.6876585741484 715
1607827479045 435.22898152698787 716
1607827479046 435.01699270956107 717
1607827479048 434.78254715306485 718
1607827479049 434.60305631539615 719
1607827479051 434.4675823789583 720
1607827479052 433.4853024045963 721
1607827479054 432.7401609683427 722
1607827479055 432.476150351729 723
1607827479057 432.19893637994045 724
1607827479058 431.35386583957666 725
1607827479059 430.67678951497425 726
1607827479061 430.179259103302 727
1607827479062 429.92396317136803 728
1607827479064 429.6348881001774 729
1607827479065 429.1978595293731 730
1607827479067 428.585366427491 731
1607827479068 428.1529212431141 732
1607827479070 427.5890735672061 733
1607827479071 426.8228045410294 734
1607827479073 426.49581253181043 735
1607827479074 426.41472612733617 736
1607827479076 425.6817050346898 737
1607827479077 425.0010325831043 738
1607827479079 424.13682788799025 739
1607827479080 423.18694696576574 740
1607827479082 422.52002277545336 741
1607827479083 422.3111617587443 742
1607827479084 422.1387409448065 743
1607827479086 421.09490716866674 744
1607827479087 420.95301314261235 745
1607827479089 420.59491963896744 746
1607827479090 419.98061590223494 747
1607827479092 419.51559444313136 748
1607827479093 419.29424870620323 749
1607827479094 418.9824365852988 750
1607827479096 418.8592076695208 751
1607827479097 418.1397727581259 752
1607827479099 417.4645174634698 753
1607827479100 416.28408678780505 754
1607827479102 415.7123370265019 755
1607827479103 415.22080084875654 756
1607827479105 414.5527007115949 757
1607827479106 414.22828648682054 758
1607827479108 413.5097006713532 759
1607827479109 412.55360984461163 760
1607827479110 412.23878949560344 761
1607827479112 411.44147382923586 762
1607827479113 411.1711816105627 763
1607827479115 410.18472791230374 764
1607827479116 409.8188184283201 765
1607827479118 408.9244089619292 766
1607827479119 408.4985710128315 767
1607827479121 408.04613705729986 768
1607827479122 407.84545788934906 769
1607827479123 407.0998410594216 770
1607827479125 406.64460364373275 771
1607827479126 406.5050842219764 772
1607827479128 406.2840302498559 773
1607827479129 405.8286899876432 774
1607827479131 405.2038532455905 775
1607827479132 404.66402310160294 776
1607827479134 404.51801607018444 777
1607827479135 404.0185680225572 778
1607827479137 403.4033534974379 779
1607827479138 402.76640224898466 780
1607827479139 402.18685622792583 781
1607827479141 401.3632818974999 782
1607827479142 401.23061199016644 783
1607827479144 400.7878406819575 784
1607827479145 400.5998316588253 785
1607827479147 400.18744366388876 786
1607827479148 399.7247967289573 787
1607827479150 399.15406782513764 788
1607827479151 398.8723327119484 789
1607827479153 398.194128426836 790
1607827479154 397.63797838269505 791
1607827479155 396.8653686679164 792
1607827479157 396.31150461397806 793
1607827479158 395.8392418222875 794
1607827479160 395.343034021909 795
1607827479161 395.01185677880426 796
1607827479163 394.33381244782936 797
1607827479164 394.0214416030577 798
1607827479166 393.5507522544805 799
1607827479167 393.09575859305164 800
1607827479169 392.7448108871308 801
1607827479170 392.3646842807018 802
1607827479172 391.46511660313774 803
1607827479173 390.5665322665752 804
1607827479174 390.2098144779862 805
1607827479176 389.9420414696884 806
1607827479177 389.7686472253639 807
1607827479179 389.66104775652894 808
1607827479180 389.17667528436624 809
1607827479182 388.87778947435527 810
1607827479183 388.12478258935334 811
1607827479185 387.70213826891995 812
1607827479186 387.4989268510916 813
1607827479188 387.0632367392265 814
1607827479189 386.753545785271 815
1607827479190 386.5703124040716 816
1607827479192 386.22793730871314 817
1607827479193 385.4402376165574 818
1607827479195 385.1222041128387 819
1607827479196 384.64260390250325 820
1607827479198 384.26390821917227 821
1607827479199 384.069694324281 822
1607827479201 383.2766249740864 823
1607827479202 382.9133202864161 824
1607827479204 382.7587611734879 825
1607827479205 382.28316125072433 826
1607827479206 381.76283524288004 827
1607827479208 381.5483057443 828
1607827479209 381.1706590229077 829
1607827479211 380.52461406560343 830
1607827479212 380.270194277732 831
1607827479214 380.18746937191736 832
1607827479215 380.024022344868 833
1607827479217 379.89887780578846 834
1607827479218 379.14077644858605 835
1607827479220 378.62485209320704 836
1607827479221 378.14756561986303 837
1607827479222 377.83038110645697 838
1607827479224 377.6350509918428 839
1607827479225 376.896460282016 840
1607827479227 376.7096359317632 841
1607827479228 375.9284735713409 842
1607827479230 375.81483011239425 843
1607827479231 375.42997574939034 844
1607827479233 374.99049434911683 845
1607827479234 374.4699586581228 846
1607827479236 374.26569613908407 847
1607827479237 373.9076065727922 848
1607827479238 373.3577154326501 849
1607827479240 372.53562128619984 850
1607827479241 372.23510721108823 851
1607827479243 371.80159820565024 852
1607827479244 370.9861478987345 853
1607827479246 370.31068525994897 854
1607827479247 370.0547302916954 855
1607827479249 369.6208823470873 856
1607827479250 368.95102073345646 857
1607827479252 368.6264868233437 858
1607827479253 368.24730665524544 859
1607827479257 413.5097006713532 860
