1607827345358 1869.7792209863946 0
1607827345360 1836.7908606906085 1
1607827345362 1804.1027257047097 2
1607827345364 1775.1883638187403 3
1607827345366 1746.5880725715567 4
1607827345368 1719.3536768043773 5
1607827345369 1691.4398435857327 6
1607827345371 1666.3355981309612 7
1607827345372 1641.6908432621897 8
1607827345373 1618.9738474176688 9
1607827345375 1597.2094090379271 10
1607827345376 1573.906838746712 11
1607827345378 1552.5572533086238 12
1607827345379 1534.8302236873276 13
1607827345381 1517.1100372738592 14
1607827345383 1500.24812130085 15
1607827345384 1485.082082373242 16
1607827345386 1468.9888928543623 17
1607827345387 1451.2960735029515 18
1607827345388 1437.7491934426978 19
1607827345390 1425.529454106559 20
1607827345391 1414.9651996358484 21
1607827345393 1404.0013047055784 22
1607827345394 1392.582513992164 23
1607827345396 1380.185173842743 24
1607827345397 1369.6724451793393 25
1607827345399 1358.609053379354 26
1607827345400 1347.3830793161655 27
1607827345402 1335.7142724632981 28
1607827345403 1324.3325611250907 29
1607827345405 1314.987083949444 30
1607827345406 1302.0057247687978 31
1607827345407 1290.0119883370987 32
1607827345409 1280.2589277204427 33
1607827345411 1272.6016354321284 34
1607827345412 1263.5935492370777 35
1607827345414 1256.632105972939 36
1607827345415 1247.105965473325 37
1607827345417 1238.7693764630758 38
1607827345418 1232.6814171517765 39
1607827345420 1224.618488287917 40
1607827345421 1214.5732183727107 41
1607827345423 1203.1604257738134 42
1607827345424 1196.8553393364605 43
1607827345426 1188.3500628408137 44
1607827345428 1182.8422255773487 45
1607827345429 1176.614528248817 46
1607827345431 1167.80883394761 47
1607827345433 1158.385047047537 48
1607827345434 1152.6710817488454 49
1607827345436 1148.4624821935708 50
1607827345437 1140.8407055088169 51
1607827345439 1134.8588768334969 52
1607827345441 1128.2466074674553 53
1607827345444 1124.0647537056714 54
1607827345446 1119.2824116426214 55
1607827345447 1111.444590572414 56
1607827345449 1105.9210545455348 57
1607827345451 1098.8903194600969 58
1607827345453 1093.6750063625238 59
1607827345454 1087.0032397717862 60
1607827345455 1079.4927898106546 61
1607827345457 1075.07246470839 62
1607827345458 1070.9311441124053 63
1607827345460 1065.56343891925 64
1607827345461 1061.755177922136 65
1607827345463 1055.8832735297142 66
1607827345464 1051.5594688516424 67
1607827345466 1046.9051504302797 68
1607827345467 1045.095630200623 69
1607827345469 1043.0143999536226 70
1607827345470 1039.420697818857 71
1607827345471 1033.805510503392 72
1607827345473 1030.8939385875528 73
1607827345474 1024.6225225009875 74
1607827345476 1019.7460573046175 75
1607827345477 1016.0623527593102 76
1607827345479 1013.234155632158 77
1607827345480 1009.898951677569 78
1607827345481 1005.8036289014545 79
1607827345483 999.8746050581882 80
1607827345484 996.4054403239284 81
1607827345486 994.5771159873968 82
1607827345487 991.3278435043114 83
1607827345489 988.7433894295225 84
1607827345490 987.0189262920214 85
1607827345491 984.6437610015156 86
1607827345493 981.0414573981207 87
1607827345494 979.5761382149149 88
1607827345496 976.9122516966839 89
1607827345497 973.9561911461159 90
1607827345498 969.4709233468205 91
1607827345500 967.6536704360136 92
1607827345501 965.0513506282849 93
1607827345503 961.8201978154585 94
1607827345504 959.7799248018484 95
1607827345506 958.2979645128622 96
1607827345507 956.3870559914369 97
1607827345508 953.2863950530466 98
1607827345510 950.2957517009362 99
1607827345511 948.4985358397018 100
1607827345513 945.9074106578648 101
1607827345514 942.0821765497977 102
1607827345516 938.9176000749351 103
1607827345517 935.6753456669339 104
1607827345518 933.5080329452085 105
1607827345520 932.2957699552163 106
1607827345521 929.5682820365291 107
1607827345523 926.8466252942691 108
1607827345524 923.5196173949454 109
1607827345526 919.3380759369171 110
1607827345527 917.2873282323955 111
1607827345528 915.2318195484107 112
1607827345530 913.3742678077623 113
1607827345531 911.1246306840156 114
1607827345533 906.8408366723676 115
1607827345534 904.1436414939544 116
1607827345536 902.7056931986666 117
1607827345537 899.3469589612654 118
1607827345538 895.8987921720309 119
1607827345540 893.3457333207411 120
1607827345541 891.6753871358806 121
1607827345543 890.6933039695108 122
1607827345544 889.3555648298864 123
1607827345546 886.1153032892121 124
1607827345547 882.0193807382318 125
1607827345548 879.8126536871277 126
1607827345550 877.415983995338 127
1607827345551 875.7944464568563 128
1607827345553 874.6409653363637 129
1607827345554 872.3459507103073 130
1607827345556 870.0136750648595 131
1607827345557 867.2189053937362 132
1607827345558 866.6927164823389 133
1607827345560 865.2168637895905 134
1607827345561 861.9288974628005 135
1607827345563 860.4155151455316 136
1607827345564 856.7964788785299 137
1607827345566 853.5155045547618 138
1607827345567 850.1979817396128 139
1607827345568 848.8589503871577 140
1607827345570 846.5758131994896 141
1607827345571 843.6598749584194 142
1607827345573 838.5633062552984 143
1607827345574 836.1054619594397 144
1607827345576 833.8261769846926 145
1607827345577 831.145593600863 146
1607827345578 827.4902504672991 147
1607827345580 825.93595640697 148
1607827345581 822.576938023841 149
1607827345583 820.6218747566774 150
1607827345584 819.3685336469438 151
1607827345586 815.842718108326 152
1607827345587 814.4002016104714 153
1607827345588 812.5930533925492 154
1607827345590 810.3025485867557 155
1607827345591 809.2039022300705 156
1607827345593 805.8364113146117 157
1607827345594 802.9475307867915 158
1607827345596 801.086765235961 159
1607827345597 798.6848250135183 160
1607827345598 796.4539731558204 161
1607827345600 795.6760705723722 162
1607827345601 793.2380205774759 163
1607827345603 791.6333161605116 164
1607827345604 790.255092212117 165
1607827345606 788.5222921020078 166
1607827345607 786.5134608634795 167
1607827345608 785.0948612197182 168
1607827345610 782.6482010720748 169
1607827345611 780.9210537937332 170
1607827345613 780.2602169796867 171
1607827345614 778.1971107331386 172
1607827345616 776.3325540388932 173
1607827345617 773.0907407494134 174
1607827345618 770.5153557641308 175
1607827345620 769.0206126947991 176
1607827345621 765.983603015448 177
1607827345623 764.4245440540254 178
1607827345624 760.8483257937927 179
1607827345626 758.7281018355728 180
1607827345627 757.2670131889779 181
1607827345628 754.6683427042406 182
1607827345630 751.7336695098891 183
1607827345631 750.1415399241162 184
1607827345633 747.1607135093228 185
1607827345634 746.4304197266518 186
1607827345636 744.4201923782796 187
1607827345637 743.0106969242755 188
1607827345638 741.8279819472423 189
1607827345640 739.7090818764265 190
1607827345641 738.5975876176069 191
1607827345643 737.0950145177482 192
1607827345644 736.2808149357132 193
1607827345646 733.7540601359791 194
1607827345647 730.6087396823665 195
1607827345648 728.4179742035442 196
1607827345650 725.7719970018896 197
1607827345651 724.5150006903814 198
1607827345653 721.6676034734319 199
1607827345654 720.0805784236262 200
1607827345656 716.5930395120287 201
1607827345657 714.4158303921005 202
1607827345658 713.0583093262103 203
1607827345660 711.3097005796393 204
1607827345661 709.6644119883408 205
1607827345663 708.4046816518447 206
1607827345664 707.0566856473846 207
1607827345666 705.7569908963688 208
1607827345667 704.2626221745189 209
1607827345668 701.7734540493906 210
1607827345670 698.3309557143252 211
1607827345671 696.8931198950226 212
1607827345673 694.5969178396225 213
1607827345674 692.2541588692095 214
1607827345676 691.5135359427322 215
1607827345677 690.6539493643652 216
1607827345679 689.8986751683354 217
1607827345680 688.4592125610777 218
1607827345681 686.4166801180686 219
1607827345683 683.9763678214257 220
1607827345684 682.9500546058563 221
1607827345686 681.9171990159236 222
1607827345687 680.6251178186388 223
1607827345689 679.1276170979907 224
1607827345690 677.5450871985068 225
1607827345692 676.152854084962 226
1607827345693 674.8428097538464 227
1607827345694 673.192130877411 228
1607827345696 670.3433198974035 229
1607827345697 667.4365816083327 230
1607827345699 665.4368933635375 231
1607827345700 664.1559894731549 232
1607827345702 662.6024970970805 233
1607827345703 659.4592786741949 234
1607827345704 657.702581655995 235
1607827345706 655.6027533375342 236
1607827345707 652.357722762592 237
1607827345709 651.3786867209817 238
1607827345710 650.4170187703903 239
1607827345712 648.7781512619655 240
1607827345713 646.5268168703849 241
1607827345714 644.2963106445525 242
1607827345716 643.25687749538 243
1607827345717 641.1948814902138 244
1607827345719 638.2401095503686 245
1607827345720 637.2009271573579 246
1607827345722 635.6297705986889 247
1607827345723 633.9283334623213 248
1607827345725 631.9837812539597 249
1607827345726 630.898220667764 250
1607827345728 629.9228963163899 251
1607827345729 628.0833266370471 252
1607827345731 626.4116373438304 253
1607827345732 625.2625282821522 254
1607827345733 622.8289471450969 255
1607827345735 621.5595302566259 256
1607827345736 620.8154973562242 257
1607827345738 619.776997601984 258
1607827345739 618.5344926479968 259
1607827345741 616.7846399254921 260
1607827345742 615.616189775248 261
1607827345743 614.5619952692764 262
1607827345745 612.4067315387332 263
1607827345746 611.2588304714218 264
1607827345748 610.4034054857266 265
1607827345749 607.6312557950492 266
1607827345751 605.8587330075385 267
1607827345752 605.4200529544258 268
1607827345754 603.7878495471768 269
1607827345755 603.1334824594621 270
1607827345757 601.8161960206368 271
1607827345758 599.3255992943369 272
1607827345760 598.0088860934867 273
1607827345761 597.4140905426457 274
1607827345763 596.920633835962 275
1607827345764 595.1832737072559 276
1607827345766 594.094438599411 277
1607827345767 593.4219327202479 278
1607827345769 591.8976186372539 279
1607827345770 589.9465005490255 280
1607827345771 588.4574084745631 281
1607827345773 587.5349381376928 282
1607827345774 586.9191030247863 283
1607827345776 586.2212063645841 284
1607827345777 584.5179029988461 285
1607827345779 583.5218485611375 286
1607827345780 581.6626265573461 287
1607827345781 580.3308343868022 288
1607827345783 579.4549651935099 289
1607827345784 578.3366529324186 290
1607827345786 576.900146151654 291
1607827345787 575.7132852143527 292
1607827345789 573.177976214101 293
1607827345790 571.9091094721714 294
1607827345791 570.335011329172 295
1607827345793 568.6646581072603 296
1607827345794 566.9312430101648 297
1607827345796 565.4294164416405 298
1607827345797 564.4305845562607 299
1607827345799 563.2768603364017 300
1607827345800 561.0367071465968 301
1607827345801 559.8777657371643 302
1607827345803 558.3326276506932 303
1607827345804 557.7021863407128 304
1607827345806 556.6306039245835 305
1607827345807 555.1105610403015 306
1607827345809 553.8491656533132 307
1607827345810 552.0386848755064 308
1607827345811 551.0808637081084 309
1607827345813 549.5895681089448 310
1607827345814 549.2941667803227 311
1607827345816 547.6620610316073 312
1607827345817 546.3477368467026 313
1607827345819 544.7655993340888 314
1607827345820 544.2764161641527 315
1607827345822 542.7554397489492 316
1607827345823 541.5950832186176 317
1607827345824 539.7300008704229 318
1607827345826 538.0655568933619 319
1607827345827 536.1920339173787 320
1607827345829 535.8529212272293 321
1607827345830 535.155441590538 322
1607827345831 533.8648466190033 323
1607827345833 532.8168588724028 324
1607827345834 531.247989843678 325
1607827345836 529.0728741699627 326
1607827345837 527.1509276082587 327
1607827345839 525.6186119429918 328
1607827345840 524.1626538680963 329
1607827345841 522.7269252082282 330
1607827345843 521.710829881556 331
1607827345844 521.1409774108209 332
1607827345846 519.4392538397487 333
1607827345847 518.5913767206087 334
1607827345849 516.9513049297036 335
1607827345850 515.3475045727322 336
1607827345851 514.1205937583026 337
1607827345853 512.6242677870242 338
1607827345854 511.0192558808353 339
1607827345856 510.0280967814951 340
1607827345857 509.13001878937945 341
1607827345859 507.5760248698465 342
1607827345860 506.78708921072337 343
1607827345862 504.9967760093257 344
1607827345863 503.38444910738457 345
1607827345864 502.32760170249946 346
1607827345866 501.7568128915408 347
1607827345867 501.39901105108447 348
1607827345869 500.17048143874297 349
1607827345870 499.3377390231532 350
1607827345872 498.0035621525286 351
1607827345873 497.135648920297 352
1607827345874 495.39951813432214 353
1607827345876 494.2887875526773 354
1607827345877 492.08424846643913 355
1607827345879 490.70573396285425 356
1607827345880 489.72335088334734 357
1607827345882 488.1252860463274 358
1607827345883 487.30163953553216 359
1607827345884 486.176596997479 360
1607827345886 484.3388709597172 361
1607827345887 483.74696812796424 362
1607827345889 482.99872848744474 363
1607827345890 482.433801768457 364
1607827345892 481.2105849522257 365
1607827345893 479.8573476692327 366
1607827345894 479.08839743396425 367
1607827345896 478.28532045445604 368
1607827345897 477.16349406192063 369
1607827345899 476.4169584552027 370
1607827345902 475.3806140207393 371
1607827345904 473.97392758735805 372
1607827345906 472.65242119021457 373
1607827345907 471.8905353242656 374
1607827345911 597.4140905426457 375
