1607827496165 1942.2405502817744 0
1607827496167 1919.412989758487 1
1607827496169 1896.9647229974273 2
1607827496171 1877.1173442028776 3
1607827496172 1857.5022198493514 4
1607827496174 1839.6877821219216 5
1607827496175 1821.1082023816489 6
1607827496177 1803.5274569624892 7
1607827496179 1786.5379477583292 8
1607827496181 1768.5469983035796 9
1607827496183 1752.5649491096217 10
1607827496184 1736.361711097364 11
1607827496186 1720.3154348253136 12
1607827496187 1703.7900211244385 13
1607827496189 1690.2171596964652 14
1607827496190 1675.5442191333418 15
1607827496191 1661.7761345147385 16
1607827496193 1649.8548113959405 17
1607827496194 1635.3787800525804 18
1607827496196 1623.6989768740027 19
1607827496198 1611.7247001787248 20
1607827496199 1598.274684056636 21
1607827496200 1584.9655032970963 22
1607827496202 1572.9406381943984 23
1607827496203 1560.0585411209468 24
1607827496205 1547.6459000648636 25
1607827496206 1537.3539490810822 26
1607827496207 1525.180634319336 27
1607827496209 1513.9132897810398 28
1607827496210 1504.5424402881972 29
1607827496212 1495.0665003445608 30
1607827496213 1484.5953076660987 31
1607827496215 1475.9197871671063 32
1607827496216 1467.1018307216063 33
1607827496218 1459.1389741899259 34
1607827496219 1451.2234030221075 35
1607827496220 1441.6909924217523 36
1607827496222 1433.7437269736938 37
1607827496223 1423.4249065995964 38
1607827496225 1414.95803434307 39
1607827496226 1405.8544899895667 40
1607827496228 1398.2022684898734 41
1607827496229 1390.3419956917842 42
1607827496231 1383.014668408735 43
1607827496232 1375.9172038190993 44
1607827496234 1368.4444479400609 45
1607827496235 1361.5804652330767 46
1607827496237 1355.6344746466243 47
1607827496238 1346.9057178502012 48
1607827496239 1341.3168772485735 49
1607827496241 1335.716827429947 50
1607827496242 1328.5213251715484 51
1607827496244 1323.3987526360008 52
1607827496245 1317.2214213934242 53
1607827496247 1312.1341894341424 54
1607827496248 1306.1746580820884 55
1607827496250 1299.316350522597 56
1607827496251 1294.2806387130715 57
1607827496253 1289.3389080818351 58
1607827496254 1283.8249240357443 59
1607827496256 1277.8025066527873 60
1607827496257 1273.784824884088 61
1607827496258 1268.274557540438 62
1607827496260 1262.6530908616107 63
1607827496261 1256.450545420107 64
1607827496263 1250.898266641967 65
1607827496264 1246.6219899536957 66
1607827496266 1240.6407624714202 67
1607827496267 1235.909982743619 68
1607827496268 1230.6420665868297 69
1607827496270 1225.686053428228 70
1607827496271 1221.0005648656906 71
1607827496273 1215.3003834739256 72
1607827496274 1211.4240675817127 73
1607827496276 1205.4481258081632 74
1607827496277 1200.8568685736686 75
1607827496279 1196.4421270676187 76
1607827496280 1191.2517114224233 77
1607827496282 1186.1304729673204 78
1607827496283 1181.4192477916404 79
1607827496285 1177.538102224757 80
1607827496286 1173.8383085729906 81
1607827496287 1170.2583074430622 82
1607827496289 1166.335544094044 83
1607827496290 1162.784942405786 84
1607827496292 1157.8747493511821 85
1607827496293 1154.3208639682864 86
1607827496294 1151.2104695531596 87
1607827496296 1146.8129368153857 88
1607827496297 1142.5463480642052 89
1607827496299 1139.4887878034747 90
1607827496300 1135.6014919911547 91
1607827496302 1131.3220030255798 92
1607827496303 1127.0991065373573 93
1607827496305 1125.0360331852587 94
1607827496306 1122.63539549392 95
1607827496308 1119.1234840886464 96
1607827496309 1117.0773617787108 97
1607827496310 1114.7147033272631 98
1607827496312 1112.3881698073285 99
1607827496313 1110.247979303669 100
1607827496315 1106.7391996028923 101
1607827496316 1104.4408727515333 102
1607827496318 1101.1815179764653 103
1607827496319 1097.8974696913892 104
1607827496320 1095.6660459472155 105
1607827496322 1092.8024128832967 106
1607827496323 1090.7358005201054 107
1607827496325 1087.0894278266046 108
1607827496326 1082.99787659152 109
1607827496328 1079.359813949918 110
1607827496329 1076.7512294791413 111
1607827496331 1074.5636919508102 112
1607827496332 1072.9812452151584 113
1607827496334 1070.2116726133688 114
1607827496335 1068.4163754152514 115
1607827496336 1065.386584006928 116
1607827496338 1062.3150575359207 117
1607827496339 1060.1154474080206 118
1607827496341 1057.8575469260063 119
1607827496342 1055.377973193561 120
1607827496344 1053.1751535015082 121
1607827496345 1050.7143834141905 122
1607827496347 1049.2016365079473 123
1607827496348 1046.029294451623 124
1607827496350 1043.5686515275802 125
1607827496351 1041.0724306147922 126
1607827496352 1037.973324518469 127
1607827496354 1035.8613272006876 128
1607827496355 1031.938390490586 129
1607827496357 1029.4513009302943 130
1607827496358 1028.411095569936 131
1607827496360 1025.6518795932163 132
1607827496361 1023.5760476316569 133
1607827496363 1022.2115615057005 134
1607827496364 1018.2758882400466 135
1607827496366 1017.189910927142 136
1607827496367 1014.8929832412266 137
1607827496368 1012.407854647799 138
1607827496370 1011.0007364948458 139
1607827496371 1007.1282573850916 140
1607827496373 1005.0209461599048 141
1607827496374 1003.4957498484891 142
1607827496376 1002.4298539110954 143
1607827496377 999.5457982176138 144
1607827496379 997.7106877306393 145
1607827496380 996.6857771764169 146
1607827496382 994.893833575594 147
1607827496383 991.8831621779368 148
1607827496385 988.9016455791769 149
1607827496386 985.9922499511054 150
1607827496387 983.5592359839954 151
1607827496389 981.3563629761975 152
1607827496390 979.9627527592584 153
1607827496392 978.5240447868896 154
1607827496393 977.5411137129148 155
1607827496395 975.3816815887075 156
1607827496396 974.274318673183 157
1607827496398 971.0003853219431 158
1607827496399 969.1046329099781 159
1607827496401 967.8661697707599 160
1607827496402 965.3488537952855 161
1607827496403 964.7871281239325 162
1607827496405 964.1368756568169 163
1607827496406 962.5959005816668 164
1607827496408 960.2188213378511 165
1607827496409 959.4571685345223 166
1607827496411 957.043940983672 167
1607827496412 954.8774503580341 168
1607827496414 953.4154724613167 169
1607827496415 952.1399147066356 170
1607827496417 949.211814372265 171
1607827496418 947.9582537831021 172
1607827496420 944.9572172656343 173
1607827496421 943.267323243982 174
1607827496422 941.3853780560769 175
1607827496424 940.514752576382 176
1607827496425 938.4334892752191 177
1607827496427 937.0356211742102 178
1607827496428 936.0256382785095 179
1607827496430 932.9591772278301 180
1607827496431 931.4259704124042 181
1607827496433 929.978628855382 182
1607827496434 929.4080800810397 183
1607827496435 928.7929361398867 184
1607827496437 926.5525602722844 185
1607827496438 924.7564955438688 186
1607827496440 923.7973391306474 187
1607827496441 922.0416262146435 188
1607827496443 920.6984849539137 189
1607827496444 919.6124790745757 190
1607827496446 917.15540055614 191
1607827496447 916.0509024637854 192
1607827496449 913.9802853762566 193
1607827496450 912.9610031020331 194
1607827496451 912.6113943673464 195
1607827496453 911.1448300957869 196
1607827496454 910.2009549585403 197
1607827496456 908.6582389236603 198
1607827496457 907.1678733111173 199
1607827496459 906.2861387434386 200
1607827496460 905.5259488966193 201
1607827496462 903.4933620227207 202
1607827496463 902.2976220296724 203
1607827496465 900.8843578410406 204
1607827496466 899.4794684764472 205
1607827496467 898.0711632065925 206
1607827496469 894.6872174929676 207
1607827496470 891.2986854772821 208
1607827496472 890.1890429568 209
1607827496473 888.408790156653 210
1607827496475 885.1310361648423 211
1607827496476 883.8704509457682 212
1607827496478 881.6507717588772 213
1607827496479 880.5065881109052 214
1607827496481 879.0385141204322 215
1607827496482 877.0849577151818 216
1607827496484 874.3581197281075 217
1607827496485 873.1672482816131 218
1607827496486 872.1399080121433 219
1607827496488 871.5838040427511 220
1607827496489 868.8113029116984 221
1607827496491 867.8681431096197 222
1607827496492 865.8043917973195 223
1607827496494 864.4299625661455 224
1607827496495 863.7430097640524 225
1607827496497 862.4163962369299 226
1607827496498 861.2586910649829 227
1607827496500 860.6779407861114 228
1607827496501 860.2514344430789 229
1607827496502 857.4433456450633 230
1607827496504 856.022420081878 231
1607827496505 853.8382722394011 232
1607827496507 852.081517995604 233
1607827496508 850.0927209299807 234
1607827496510 848.7788775939415 235
1607827496511 848.0922172521236 236
1607827496513 845.3476631994121 237
1607827496514 844.532636993469 238
1607827496516 843.678938848954 239
1607827496517 843.0271121052141 240
1607827496518 841.8375747567295 241
1607827496520 839.8749335633014 242
1607827496521 839.0273132309695 243
1607827496523 837.5317364273202 244
1607827496524 836.4132155389888 245
1607827496526 835.511832680036 246
1607827496527 833.5695283666018 247
1607827496529 831.7630229654561 248
1607827496530 831.1543985277007 249
1607827496532 830.0776554821879 250
1607827496533 829.0272228397748 251
1607827496534 827.5865712677527 252
1607827496536 825.3754148641765 253
1607827496537 823.9678926063965 254
1607827496539 822.5965307802769 255
1607827496540 821.421772051998 256
1607827496542 819.5355560294618 257
1607827496543 817.9489316707854 258
1607827496545 816.5576823134579 259
1607827496546 815.1332170674325 260
1607827496548 814.622185076225 261
1607827496549 813.9349304762546 262
1607827496550 811.8578640219717 263
1607827496552 809.3785082958532 264
1607827496553 806.8188750280267 265
1607827496555 805.0658917159592 266
1607827496556 803.7851907084242 267
1607827496558 802.3517301743244 268
1607827496559 801.444196499171 269
1607827496561 800.0906986182692 270
1607827496562 799.3271709956657 271
1607827496564 797.9078188009133 272
1607827496565 796.4394593722426 273
1607827496566 794.0068645969984 274
1607827496568 793.1476162555606 275
1607827496569 791.9335419744249 276
1607827496571 790.7170813597725 277
1607827496572 788.8626962573962 278
1607827496574 788.1836480205266 279
1607827496575 785.6039049563459 280
1607827496576 784.6503710516753 281
1607827496578 782.9450986234724 282
1607827496579 782.3196447247963 283
1607827496581 781.4550533704196 284
1607827496582 781.085401961866 285
1607827496584 779.0416696121722 286
1607827496585 777.0116227661181 287
1607827496587 775.7186848209066 288
1607827496588 774.8365844706539 289
1607827496589 773.5328488536215 290
1607827496591 772.3435840322073 291
1607827496592 771.8104713960595 292
1607827496594 770.7754591767535 293
1607827496595 770.3901707760336 294
1607827496597 769.9572587589779 295
1607827496598 769.1579622280979 296
1607827496600 767.4949833762173 297
1607827496601 766.6282331330953 298
1607827496602 765.4971159342123 299
1607827496604 762.8616314373993 300
1607827496605 762.1221889627014 301
1607827496607 760.6657267067277 302
1607827496608 759.1947383185357 303
1607827496610 757.872398517199 304
1607827496611 756.4393201954442 305
1607827496612 755.7534578918949 306
1607827496614 755.234526885662 307
1607827496615 753.7640430086352 308
1607827496617 752.7851872450959 309
1607827496618 751.2345749021008 310
1607827496620 750.8180710961593 311
1607827496621 750.259221382153 312
1607827496623 749.3657215085626 313
1607827496624 747.8809641264139 314
1607827496625 745.7145135799121 315
1607827496627 744.9568832051327 316
1607827496628 742.6128806345113 317
1607827496630 741.016622705017 318
1607827496631 740.1519350497523 319
1607827496633 739.016434780943 320
1607827496634 738.1256058657063 321
1607827496635 737.5027417154919 322
1607827496637 736.3977304925885 323
1607827496638 734.7615525683581 324
1607827496640 733.3217925669231 325
1607827496641 731.6161779863437 326
1607827496643 730.8861686171114 327
1607827496644 729.3018855847298 328
1607827496646 728.3487512012058 329
1607827496647 727.0600333017654 330
1607827496648 725.874809676199 331
1607827496650 724.4375706780096 332
1607827496651 722.9580659229867 333
1607827496653 721.05151137585 334
1607827496654 719.6357365693336 335
1607827496656 718.4609661686019 336
1607827496657 717.0409515609015 337
1607827496659 716.5327415805826 338
1607827496660 715.1087629619702 339
1607827496661 714.6216727273951 340
1607827496663 713.7697746775416 341
1607827496664 712.1208725606921 342
1607827496666 711.1826912639928 343
1607827496667 709.9437536118573 344
1607827496669 708.3435149539741 345
1607827496670 705.8275552132293 346
1607827496672 705.4532560088679 347
1607827496673 705.1223426233428 348
1607827496674 704.4744861655921 349
1607827496676 703.3461606034108 350
1607827496677 701.4666670467724 351
1607827496679 700.4166991716558 352
1607827496680 699.6001058031623 353
1607827496682 698.6204198553569 354
1607827496683 696.8826007402009 355
1607827496685 696.2646005490931 356
1607827496686 695.6291264998817 357
1607827496688 694.8546802909555 358
1607827496689 694.3650327125723 359
1607827496690 693.41800792364 360
1607827496695 815.1332170674325 361
