1607831004713 1889.1066500657478 0
1607831004715 1875.059257201203 1
1607831004717 1861.10422014707 2
1607831004718 1847.8277380374795 3
1607831004720 1835.5141271701027 4
1607831004721 1822.0147387587251 5
1607831004723 1808.7452297281975 6
1607831004724 1796.2499021215403 7
1607831004725 1783.992221988074 8
1607831004727 1772.2725029304386 9
1607831004728 1760.4909744772212 10
1607831004730 1748.9027518832202 11
1607831004731 1737.660652774211 12
1607831004733 1726.5213583744935 13
1607831004734 1716.2988850660342 14
1607831004736 1706.2672765744041 15
1607831004737 1696.0380508668502 16
1607831004739 1686.3307870011465 17
1607831004740 1675.8558389781774 18
1607831004742 1665.8570981386786 19
1607831004743 1655.973022118962 20
1607831004745 1647.639676976015 21
1607831004746 1638.1441848265567 22
1607831004748 1629.6258590909918 23
1607831004749 1619.8589910561952 24
1607831004750 1610.4679828647356 25
1607831004752 1601.5640800989745 26
1607831004753 1594.4234635277694 27
1607831004755 1586.0292807554672 28
1607831004756 1578.0444449831814 29
1607831004758 1569.279735403948 30
1607831004759 1561.1438812112842 31
1607831004761 1554.613990277085 32
1607831004763 1547.3966882095485 33
1607831004764 1540.1469580274095 34
1607831004765 1532.7867563154878 35
1607831004767 1526.2564871337836 36
1607831004768 1519.676368725843 37
1607831004770 1512.5006688340318 38
1607831004771 1505.8576519699147 39
1607831004772 1498.8878801502556 40
1607831004774 1492.6728892476774 41
1607831004775 1485.558910450659 42
1607831004777 1478.569967809471 43
1607831004778 1472.8895306505894 44
1607831004779 1466.9063984858722 45
1607831004781 1460.1015499452167 46
1607831004782 1454.4140034413945 47
1607831004784 1448.072388154209 48
1607831004785 1443.1920333428222 49
1607831004787 1437.692643969563 50
1607831004788 1431.7847072286966 51
1607831004789 1426.3724598997335 52
1607831004791 1421.5891864141895 53
1607831004792 1416.7423940006668 54
1607831004794 1411.9608795333672 55
1607831004795 1406.3425665156847 56
1607831004796 1400.312216904439 57
1607831004798 1395.6866642208088 58
1607831004799 1390.5495637067652 59
1607831004801 1385.8851501599142 60
1607831004802 1380.3725530855554 61
1607831004804 1376.1045878696552 62
1607831004805 1372.1741878839155 63
1607831004806 1367.839224019515 64
1607831004808 1361.9965602463803 65
1607831004809 1356.2857648139757 66
1607831004811 1352.0417479268147 67
1607831004812 1347.0308404062464 68
1607831004814 1343.038594475206 69
1607831004815 1338.671166130374 70
1607831004816 1334.7245713325979 71
1607831004818 1330.5748399419988 72
1607831004819 1326.1648025262948 73
1607831004821 1321.8558008306475 74
1607831004822 1318.0177260566377 75
1607831004823 1313.8887225982633 76
1607831004825 1309.7613818402713 77
1607831004826 1306.5329779414326 78
1607831004828 1300.980000050447 79
1607831004829 1296.4367676832042 80
1607831004831 1293.1585396745445 81
1607831004832 1290.052789852784 82
1607831004833 1285.607150993952 83
1607831004835 1281.1713316518776 84
1607831004836 1278.4500221505152 85
1607831004838 1274.1301384807114 86
1607831004839 1271.7192549573758 87
1607831004840 1268.7200154969462 88
1607831004842 1263.9737505188411 89
1607831004843 1260.0883117894525 90
1607831004845 1256.9922612660903 91
1607831004847 1253.5586653217922 92
1607831004848 1249.8714144503667 93
1607831004849 1245.9029057132057 94
1607831004851 1241.9072487709143 95
1607831004852 1239.4729587617612 96
1607831004854 1237.2486116783687 97
1607831004855 1233.9716021077797 98
1607831004856 1230.7726282344634 99
1607831004858 1226.384759874628 100
1607831004859 1221.8113588601066 101
1607831004861 1218.1754470228811 102
1607831004862 1213.7586736900112 103
1607831004864 1210.6701469528543 104
1607831004865 1207.5852013965266 105
1607831004866 1203.0264841257356 106
1607831004868 1200.7375637912905 107
1607831004869 1198.1184419834824 108
1607831004871 1195.3128733088329 109
1607831004872 1192.01963752132 110
1607831004873 1188.9977689179202 111
1607831004875 1185.6629164224728 112
1607831004876 1183.5269087257952 113
1607831004878 1180.0890342943412 114
1607831004879 1177.2429430902034 115
1607831004881 1174.6102244623496 116
1607831004882 1171.0731184825565 117
1607831004883 1168.5951564941668 118
1607831004885 1166.6328352971555 119
1607831004886 1162.9862875631356 120
1607831004888 1160.1126467528984 121
1607831004889 1157.1133935237283 122
1607831004890 1154.955993253887 123
1607831004892 1153.1279550172928 124
1607831004894 1150.814131064984 125
1607831004895 1147.8869194391164 126
1607831004896 1146.0845258773502 127
1607831004898 1143.383172228337 128
1607831004899 1140.17125553108 129
1607831004901 1137.1560196164876 130
1607831004902 1133.995028503502 131
1607831004904 1130.584042885924 132
1607831004905 1129.0080995553758 133
1607831004906 1126.2867696005355 134
1607831004908 1122.7221624546848 135
1607831004909 1120.8717611703967 136
1607831004911 1117.7691056773158 137
1607831004912 1116.5053219269457 138
1607831004914 1114.6037169768788 139
1607831004915 1111.886238175419 140
1607831004917 1109.4767040266922 141
1607831004918 1107.0535533337236 142
1607831004919 1105.389568022851 143
1607831004921 1102.8885482325265 144
1607831004922 1099.8533025055485 145
1607831004924 1097.3359116981928 146
1607831004925 1095.5570118735768 147
1607831004927 1093.4722578004012 148
1607831004928 1091.0602250100922 149
1607831004929 1089.2861366811715 150
1607831004931 1087.5537441827855 151
1607831004932 1085.3155290850534 152
1607831004934 1082.8227103457252 153
1607831004935 1080.1527847374507 154
1607831004937 1078.0462081905494 155
1607831004938 1075.7077524786498 156
1607831004939 1073.462375913067 157
1607831004941 1070.982642081407 158
1607831004942 1069.6240357525403 159
1607831004944 1066.6404963480293 160
1607831004945 1065.1070987476987 161
1607831004947 1063.010475619218 162
1607831004948 1061.8371108757176 163
1607831004949 1060.1514522793605 164
1607831004951 1058.8152965080715 165
1607831004952 1057.2201213019025 166
1607831004954 1055.702395675582 167
1607831004955 1053.1597730594497 168
1607831004956 1051.6141150236845 169
1607831004958 1050.7204135470602 170
1607831004959 1049.08190616594 171
1607831004961 1047.9111988848751 172
1607831004962 1046.7559399655863 173
1607831004964 1045.6589040961746 174
1607831004965 1042.5340947307736 175
1607831004966 1041.3836768967963 176
1607831004968 1039.2676272998372 177
1607831004969 1037.7985231197376 178
1607831004971 1035.719858829099 179
1607831004972 1034.9673893974314 180
1607831004973 1033.9031433938405 181
1607831004975 1032.6503962091665 182
1607831004976 1030.2757036373612 183
1607831004978 1028.5359363115897 184
1607831004979 1027.4890591596973 185
1607831004981 1025.994427563203 186
1607831004982 1024.9878297482755 187
1607831004983 1023.088976308003 188
1607831004985 1021.5805813010902 189
1607831004986 1020.8754960722588 190
1607831004988 1020.0165560578635 191
1607831004989 1017.7061054116635 192
1607831004990 1016.6461149237708 193
1607831004992 1016.1357924746258 194
1607831004993 1015.0039944189684 195
1607831004995 1014.0955397975009 196
1607831004996 1012.5034129787368 197
1607831004997 1011.4010825942468 198
1607831004999 1009.0763396653723 199
1607831005000 1008.6542003402382 200
1607831005002 1007.2396692810601 201
1607831005003 1006.5019149509167 202
1607831005005 1005.3255616093925 203
1607831005006 1003.941411990983 204
1607831005007 1003.1971199341625 205
1607831005009 1002.693779759248 206
1607831005010 1001.7028469867186 207
1607831005012 1000.567524136602 208
1607831005013 999.6451908165241 209
1607831005014 998.5112317962044 210
1607831005016 997.5193095063632 211
1607831005018 995.2509282971911 212
1607831005020 993.3385976358685 213
1607831005021 992.3175684686812 214
1607831005023 991.6776415296428 215
1607831005025 990.8009913610035 216
1607831005026 989.0159658228728 217
1607831005027 988.1807401186509 218
1607831005029 986.8480863307173 219
1607831005030 986.4578017252521 220
1607831005032 984.3182308817184 221
1607831005033 983.408155358307 222
1607831005035 982.6034395901231 223
1607831005036 980.0045402814727 224
1607831005037 979.0171656509477 225
1607831005039 977.9985788682316 226
1607831005040 976.1995000989548 227
1607831005042 974.680174869142 228
1607831005043 973.4424883053595 229
1607831005044 972.7417663792171 230
1607831005046 970.8783656420504 231
1607831005047 969.3639515436322 232
1607831005049 967.2252228302536 233
1607831005050 965.9522256844784 234
1607831005051 963.6918835907348 235
1607831005053 962.271697972401 236
1607831005054 960.8070757685504 237
1607831005056 960.0927863726187 238
1607831005057 959.5947754638687 239
1607831005058 958.9356258298601 240
1607831005060 957.8278631634414 241
1607831005061 956.7342626442376 242
1607831005063 955.9350261910408 243
1607831005064 954.5917818419208 244
1607831005066 953.3265610290523 245
1607831005067 952.4402347943917 246
1607831005068 951.7061379147524 247
1607831005070 949.9623255519766 248
1607831005071 949.3433748468336 249
1607831005073 948.2011783450153 250
1607831005074 947.510692947226 251
1607831005075 946.1733861661039 252
1607831005077 945.3510584133088 253
1607831005078 943.3897153669467 254
1607831005080 942.4740888993648 255
1607831005081 941.6130140517307 256
1607831005082 940.3959425319524 257
1607831005084 939.3739752140139 258
1607831005085 938.6763173894551 259
1607831005087 938.3417872384108 260
1607831005088 937.7421267339005 261
1607831005090 937.0505929042519 262
1607831005091 935.4819429064416 263
1607831005092 933.4227376614443 264
1607831005094 932.062222426324 265
1607831005095 930.6492824912324 266
1607831005097 928.6666767483105 267
1607831005098 928.1021007339914 268
1607831005099 926.9149313447911 269
1607831005101 925.3362897542163 270
1607831005102 924.2050862224442 271
1607831005104 922.8288816709859 272
1607831005105 920.9976407140964 273
1607831005106 919.7314984272069 274
1607831005108 918.2156815303902 275
1607831005109 917.4528367103464 276
1607831005111 916.4270787925552 277
1607831005112 915.1921213727493 278
1607831005114 914.1608811117696 279
1607831005115 912.9110440957065 280
1607831005116 911.7336029790958 281
1607831005118 910.6550845640285 282
1607831005119 909.5971049875473 283
1607831005121 907.4627807230545 284
1607831005122 906.6153663874924 285
1607831005123 905.9478513388266 286
1607831005125 904.9041414627155 287
1607831005126 904.1569916314196 288
1607831005128 903.0544305912599 289
1607831005129 901.4724631745097 290
1607831005130 900.388413358854 291
1607831005132 899.0297636303377 292
1607831005133 898.1539528560506 293
1607831005135 896.6523103307176 294
1607831005136 895.2847337012787 295
1607831005138 894.072530242531 296
1607831005139 893.0710774340922 297
1607831005140 891.4485641532344 298
1607831005142 890.2713358314277 299
1607831005143 889.2977339861583 300
1607831005145 887.9458678770133 301
1607831005146 886.9577458215643 302
1607831005148 885.8626113661003 303
1607831005149 884.5488343919715 304
1607831005151 883.5496119635773 305
1607831005152 882.9903711098144 306
1607831005154 882.2141765584009 307
1607831005156 881.2976085403479 308
1607831005157 880.0869931647654 309
1607831005159 879.6386733965884 310
1607831005160 878.5699975470468 311
1607831005162 877.9211401889322 312
1607831005164 875.9569905996234 313
1607831005165 874.4574044034252 314
1607831005167 873.6021073748243 315
1607831005168 872.3988137032558 316
1607831005170 870.7785534436326 317
1607831005172 869.9757278814277 318
1607831005173 869.0822426024325 319
1607831005175 867.0192000180789 320
1607831005176 866.5022229449183 321
1607831005178 865.3833990636301 322
1607831005179 864.5638145890256 323
1607831005181 863.837466961633 324
1607831005182 863.3806439688836 325
1607831005184 862.1215170426234 326
1607831005185 861.015790568862 327
1607831005186 859.8596467426026 328
1607831005188 859.3931095871187 329
1607831005189 857.7320609130206 330
1607831005191 857.0153367626425 331
1607831005192 855.8212247425712 332
1607831005193 855.3501149617842 333
1607831005195 854.6476744873319 334
1607831005196 854.1462516887237 335
1607831005198 853.3987135682834 336
1607831005199 851.3625379476077 337
1607831005200 850.4303905931606 338
1607831005202 850.0940687217013 339
1607831005203 849.4944387733452 340
1607831005205 848.122853066726 341
1607831005206 847.3272429981655 342
1607831005207 846.2204785842418 343
1607831005209 845.1691075743908 344
1607831005210 844.4090597031776 345
1607831005212 844.0041736071465 346
1607831005213 843.1155111480698 347
1607831005214 842.3481348614439 348
1607831005216 841.3027646386388 349
1607831005217 840.8575627490517 350
1607831005219 839.6805875259811 351
1607831005220 838.7492364720441 352
1607831005222 837.8442807574875 353
1607831005223 837.1930835041421 354
1607831005224 836.1085016595925 355
1607831005226 834.255712623496 356
1607831005227 833.9232276832458 357
1607831005229 832.6958600386972 358
1607831005230 831.181461271649 359
1607831005231 830.480387357398 360
1607831005233 829.2200448189407 361
1607831005234 828.5290657600984 362
1607831005236 827.805202979721 363
1607831005237 827.1044958501973 364
1607831005238 826.0567073272728 365
1607831005240 825.2655530233003 366
1607831005241 824.8133773533586 367
1607831005243 824.3038659237837 368
1607831005244 823.3881393305642 369
1607831005245 822.916483237827 370
1607831005247 821.6750346637942 371
1607831005248 821.3115223875707 372
1607831005250 820.8867789623872 373
1607831005251 819.7404956051596 374
1607831005252 818.3273967229899 375
1607831005254 817.3431528573057 376
1607831005255 816.8753846076863 377
1607831005257 815.3818097049166 378
1607831005258 814.2685412599968 379
1607831005259 812.7103131111094 380
1607831005261 811.856623808748 381
1607831005262 810.9667046474058 382
1607831005264 809.2480016187683 383
1607831005265 808.538237651503 384
1607831005266 807.9473488447335 385
1607831005268 806.6328936819083 386
1607831005269 805.3715408262806 387
1607831005271 804.6119793201984 388
1607831005272 803.5987034557702 389
1607831005273 802.3342104497216 390
1607831005275 801.4794462035447 391
1607831005276 800.7384577949321 392
1607831005278 799.9154039216514 393
1607831005279 799.1539690375245 394
1607831005280 798.4718744125267 395
1607831005282 798.2083281177083 396
1607831005283 797.4167236881156 397
1607831005285 796.7663692087258 398
1607831005286 796.3172049167525 399
1607831005287 795.7689615555664 400
1607831005289 795.0498998998504 401
1607831005290 793.9894369555645 402
1607831005292 793.0809079858794 403
1607831005293 792.6031728545893 404
1607831005294 791.7335085660989 405
1607831005296 790.8200144448601 406
1607831005297 789.977092909732 407
1607831005299 789.5527400974893 408
1607831005300 788.2257291208598 409
1607831005301 787.1431926321775 410
1607831005303 786.2900104176996 411
1607831005304 785.2203874053507 412
1607831005306 784.2160661198162 413
1607831005307 783.6924108900728 414
1607831005308 782.6336659353633 415
1607831005310 782.3045517447695 416
1607831005311 781.8411769443966 417
1607831005313 781.0241967013027 418
1607831005314 780.5293161135803 419
1607831005315 779.593545601773 420
1607831005317 778.3071273465953 421
1607831005318 777.8134495698728 422
1607831005320 776.4916870986755 423
1607831005321 775.7718277879852 424
1607831005322 774.9704058147295 425
1607831005324 774.0023136687896 426
1607831005325 773.6560403829964 427
1607831005327 773.4188202520243 428
1607831005328 772.3341769280509 429
1607831005330 771.3499774391515 430
1607831005331 770.6140401764857 431
1607831005332 770.0228200915633 432
1607831005334 769.4033805837319 433
1607831005335 768.9601317649433 434
1607831005337 767.5448989676993 435
1607831005338 766.5621325536224 436
1607831005339 765.6599418434527 437
1607831005341 764.857661972662 438
1607831005342 763.3621037453997 439
1607831005344 762.7177230812872 440
1607831005345 762.2427154329098 441
1607831005346 761.6771664675116 442
1607831005348 760.7327657323078 443
1607831005349 760.0525693500331 444
1607831005351 759.5949633145775 445
1607831005352 758.587564477732 446
1607831005353 757.4654020893953 447
1607831005355 756.8354541168501 448
1607831005356 756.3372282784323 449
1607831005358 756.0479780031302 450
1607831005359 755.0740211314012 451
1607831005360 754.0664362900754 452
1607831005362 752.9782544718012 453
1607831005363 752.166115762256 454
1607831005365 751.381663342917 455
1607831005366 750.1900453908521 456
1607831005367 749.6521599981074 457
1607831005369 748.8214562532281 458
1607831005370 747.6170578785873 459
1607831005372 747.257105071631 460
1607831005373 746.0328878612306 461
1607831005374 745.2832184130316 462
1607831005376 744.2985165753355 463
1607831005377 743.8446045302212 464
1607831005378 742.1802757866132 465
1607831005380 741.6518444283131 466
1607831005381 740.8298052496061 467
1607831005383 739.7064896596062 468
1607831005384 739.3343143224996 469
1607831005385 738.7818110177982 470
1607831005387 737.6515500849355 471
1607831005388 736.1820380240124 472
1607831005390 735.6999836373014 473
1607831005391 735.1092299658551 474
1607831005392 734.678118502973 475
1607831005394 734.2708156205927 476
1607831005395 733.3008695729441 477
1607831005396 732.416141510447 478
1607831005398 731.6364420186725 479
1607831005399 730.4088964377742 480
1607831005401 728.9977407839647 481
1607831005403 728.2736387877758 482
1607831005404 727.641183408663 483
1607831005406 727.4130446158568 484
1607831005407 727.0185481670717 485
1607831005409 726.2825575317403 486
1607831005410 725.8135504379867 487
1607831005411 724.8760070722604 488
1607831005413 724.3252630327643 489
1607831005414 723.173825258018 490
1607831005416 722.840512689524 491
1607831005417 722.421488471953 492
1607831005418 721.3316019433154 493
1607831005420 720.9141627534069 494
1607831005421 720.1545696105004 495
1607831005423 718.9478015609794 496
1607831005424 718.4096308478436 497
1607831005426 717.8429414209163 498
1607831005427 716.7643185705193 499
1607831005428 716.3023023883558 500
1607831005430 715.6266671286522 501
1607831005431 715.2662134172706 502
1607831005433 714.5399765875109 503
1607831005434 713.6236204349675 504
1607831005435 712.6637803064534 505
1607831005437 712.1744047290438 506
1607831005438 711.4062512260588 507
1607831005440 710.255878185459 508
1607831005441 709.4010189630875 509
1607831005442 708.1316739856775 510
1607831005444 707.648768103173 511
1607831005445 706.8648168299751 512
1607831005447 705.8684969867256 513
1607831005448 705.1145013093767 514
1607831005449 704.8720516686709 515
1607831005451 703.8934665450953 516
1607831005452 703.3365600850221 517
1607831005454 701.9001340466617 518
1607831005455 701.1738823442462 519
1607831005456 700.0646596915434 520
1607831005458 699.5265156592353 521
1607831005459 698.7011278910828 522
1607831005461 698.0619872666864 523
1607831005462 697.2153196830262 524
1607831005463 696.3150712142266 525
1607831005465 695.6161458232044 526
1607831005466 694.7766497834044 527
1607831005468 694.2633393300996 528
1607831005469 693.5273835982274 529
1607831005470 693.1177124989197 530
1607831005472 692.5932433282504 531
1607831005473 691.5510159088378 532
1607831005475 690.9916455616341 533
1607831005476 690.5555702551596 534
1607831005477 689.8460973492388 535
1607831005479 689.1424937421549 536
1607831005480 688.3526168572187 537
1607831005482 687.725687985403 538
1607831005483 687.130542191201 539
1607831005484 686.0626641830663 540
1607831005486 685.5260992356996 541
1607831005487 685.0803488485122 542
1607831005489 684.4938418721539 543
1607831005490 683.2672946042189 544
1607831005491 682.9339989727661 545
1607831005493 682.0486397794227 546
1607831005494 681.1084024603967 547
1607831005496 680.5744653202363 548
1607831005497 679.9115659245405 549
1607831005498 679.175389220623 550
1607831005500 678.0236065208202 551
1607831005501 677.0664765987665 552
1607831005503 676.5069148983516 553
1607831005504 676.0839576302351 554
1607831005505 675.4668015605095 555
1607831005507 674.4752651178749 556
1607831005508 673.9933221657066 557
1607831005510 673.009979040436 558
1607831005511 672.366738478491 559
1607831005512 671.9584145320401 560
1607831005514 671.0335500061377 561
1607831005515 670.1271480140183 562
1607831005517 669.8054792952582 563
1607831005518 669.0053730465849 564
1607831005520 668.023271346264 565
1607831005521 667.6917300259269 566
1607831005522 666.7867009568246 567
1607831005524 665.9067924051711 568
1607831005525 664.755123125707 569
1607831005527 663.9530280328399 570
1607831005528 662.9971092424607 571
1607831005529 662.2068410639337 572
1607831005531 661.5174416075394 573
1607831005532 660.9545514101034 574
1607831005534 660.3796721830156 575
1607831005535 659.6858552158933 576
1607831005536 658.8889204451885 577
1607831005538 657.884023157578 578
1607831005539 657.5115110917806 579
1607831005541 656.6813834781796 580
1607831005542 655.0871328278535 581
1607831005543 654.2662642376263 582
1607831005545 653.8083139084418 583
1607831005546 653.1608318244706 584
1607831005548 652.3729365479606 585
1607831005549 651.504819595915 586
1607831005551 650.8604970762711 587
1607831005552 650.1812096881811 588
1607831005553 649.8803428808955 589
1607831005555 649.1150370853524 590
1607831005556 648.7684361568371 591
1607831005558 647.515400807628 592
1607831005559 646.2081600200876 593
1607831005560 645.2931181893625 594
1607831005562 644.297151570123 595
1607831005563 643.7533560210095 596
1607831005565 642.9389726642717 597
1607831005566 642.7124437827896 598
1607831005567 641.826130536046 599
1607831005569 641.3380677236173 600
1607831005570 640.6930816468673 601
1607831005572 640.0290144536774 602
1607831005573 639.2427350529924 603
1607831005574 638.7736690822411 604
1607831005576 637.7295446550341 605
1607831005577 637.2402535466316 606
1607831005579 636.8827504173202 607
1607831005580 636.2315745167778 608
1607831005581 635.6611973155896 609
1607831005583 634.6113000829782 610
1607831005584 634.0747624975627 611
1607831005586 633.3843659891437 612
1607831005587 632.5305748671899 613
1607831005588 632.1522466469219 614
1607831005590 631.5967693630898 615
1607831005591 630.7710724518879 616
1607831005593 630.3293272197786 617
1607831005594 629.904754961925 618
1607831005595 629.4938839513408 619
1607831005597 629.1609090584034 620
1607831005598 628.2061749220619 621
1607831005600 627.5612240735759 622
1607831005601 627.0081141758669 623
1607831005602 626.3717134268333 624
1607831005604 626.112703757574 625
1607831005605 625.5229646656508 626
1607831005609 695.6161458232044 627
