1607827267384 1927.6870886376437 0
1607827267386 1890.5490754061923 1
1607827267388 1854.735311421976 2
1607827267389 1823.7702745547012 3
1607827267391 1794.0944117116662 4
1607827267393 1764.0922428103822 5
1607827267394 1736.5859768443022 6
1607827267396 1709.1996961018658 7
1607827267397 1685.9444934490507 8
1607827267399 1662.1790720674996 9
1607827267400 1642.1293158863828 10
1607827267401 1619.7444799672148 11
1607827267403 1598.2745130867136 12
1607827267404 1577.9119560253705 13
1607827267406 1562.4592740359776 14
1607827267407 1543.623998827717 15
1607827267408 1524.7570471237068 16
1607827267410 1509.104371106194 17
1607827267411 1490.659629646301 18
1607827267412 1476.640261472052 19
1607827267414 1461.143521501071 20
1607827267415 1445.9477090506855 21
1607827267417 1432.1238251244988 22
1607827267418 1421.628440072497 23
1607827267420 1408.7605481593891 24
1607827267421 1397.2164862934032 25
1607827267423 1385.5440492785324 26
1607827267424 1373.002588088484 27
1607827267425 1361.976536968797 28
1607827267427 1349.7984384822762 29
1607827267428 1340.2764419831008 30
1607827267429 1328.4566972101113 31
1607827267431 1316.6807218864076 32
1607827267432 1307.337423502743 33
1607827267434 1295.8992556817516 34
1607827267435 1286.7552995919812 35
1607827267436 1277.3430424945288 36
1607827267438 1268.4870941775328 37
1607827267439 1261.3627886029021 38
1607827267441 1254.0246323315716 39
1607827267442 1246.4462207205772 40
1607827267443 1239.3870876727071 41
1607827267445 1232.8577255482783 42
1607827267446 1222.4450227362306 43
1607827267447 1212.808376665776 44
1607827267449 1206.5507272853297 45
1607827267450 1202.841569797504 46
1607827267452 1195.7006752547375 47
1607827267453 1189.2454397178121 48
1607827267455 1182.3148966810938 49
1607827267456 1176.7523760658742 50
1607827267458 1172.2255021951933 51
1607827267459 1165.9789447202822 52
1607827267460 1162.5845481450874 53
1607827267462 1156.0610272012927 54
1607827267463 1149.8597225032645 55
1607827267464 1146.6903674537793 56
1607827267466 1143.947426372351 57
1607827267467 1138.1711163866232 58
1607827267469 1135.348111875371 59
1607827267470 1130.7751877497467 60
1607827267471 1128.1593857202615 61
1607827267473 1122.2505643460545 62
1607827267474 1117.1954950743248 63
1607827267476 1113.021555687384 64
1607827267477 1107.9182601792352 65
1607827267478 1103.2252215367819 66
1607827267480 1096.4305128982205 67
1607827267481 1093.0686722967978 68
1607827267483 1089.1811469652864 69
1607827267484 1085.4508291919883 70
1607827267485 1081.1232869192645 71
1607827267487 1076.8259861778781 72
1607827267488 1071.374031705086 73
1607827267490 1069.7525530636158 74
1607827267491 1067.6227765707413 75
1607827267493 1063.84429913975 76
1607827267494 1058.8263013597368 77
1607827267495 1054.0303870040448 78
1607827267497 1050.0574579381448 79
1607827267498 1042.223424322071 80
1607827267499 1038.741589687434 81
1607827267501 1036.536981283092 82
1607827267502 1033.6119555001465 83
1607827267504 1030.3020190606 84
1607827267505 1026.2067083926747 85
1607827267506 1020.7579272300601 86
1607827267508 1017.9556190875127 87
1607827267509 1013.3247867569844 88
1607827267511 1009.4742121091807 89
1607827267512 1007.8110514503838 90
1607827267513 1005.2315340105781 91
1607827267515 1001.783493894439 92
1607827267516 1000.3417033175181 93
1607827267517 997.9578905438531 94
1607827267519 994.4580370434605 95
1607827267520 992.1235480025365 96
1607827267522 988.8654049488866 97
1607827267523 986.8389452807878 98
1607827267525 983.8155822497758 99
1607827267526 982.6475620308258 100
1607827267527 977.3540185431972 101
1607827267529 975.2360675674855 102
1607827267530 971.4088945350467 103
1607827267531 968.340010266367 104
1607827267533 965.4189319621584 105
1607827267534 961.769451463324 106
1607827267536 958.1626795282001 107
1607827267537 955.6101592391017 108
1607827267539 951.7693249682269 109
1607827267540 946.3756611534207 110
1607827267541 945.1978652525463 111
1607827267543 941.3201380588608 112
1607827267544 940.3317651283576 113
1607827267545 937.493108614034 114
1607827267547 935.6815818179405 115
1607827267548 933.2069460337459 116
1607827267550 927.5173021438745 117
1607827267551 922.7651959145392 118
1607827267552 918.631364880033 119
1607827267554 915.9979403007691 120
1607827267555 912.2925127209807 121
1607827267557 906.9624007862058 122
1607827267558 902.1339208543417 123
1607827267559 900.1340418477423 124
1607827267561 898.4116226082978 125
1607827267562 893.6288314014248 126
1607827267564 887.431684914037 127
1607827267565 883.735000552976 128
1607827267566 881.6375536549322 129
1607827267568 880.2604551138594 130
1607827267569 878.546651558967 131
1607827267571 874.2138021430796 132
1607827267572 872.7567873865737 133
1607827267573 870.5223144642594 134
1607827267575 866.7819662911918 135
1607827267576 865.1038277868518 136
1607827267578 862.7481830968741 137
1607827267579 861.8288356399377 138
1607827267580 859.6492595403671 139
1607827267582 856.0976251489981 140
1607827267583 851.7560561940614 141
1607827267585 848.8920214818166 142
1607827267586 846.7569735119698 143
1607827267587 844.9934320764463 144
1607827267589 840.9126255214239 145
1607827267590 839.2255635107722 146
1607827267592 835.5344895613321 147
1607827267593 832.0256756347513 148
1607827267594 830.2578245976107 149
1607827267596 826.9732602414099 150
1607827267597 825.7306169080484 151
1607827267599 824.243946024303 152
1607827267600 820.8314708465357 153
1607827267601 819.4158990348172 154
1607827267603 817.8048934077353 155
1607827267604 816.5193726854219 156
1607827267606 812.9074684373361 157
1607827267607 810.464401683984 158
1607827267608 807.5934498127505 159
1607827267610 802.6223764740259 160
1607827267611 800.202700518445 161
1607827267613 798.6515304980255 162
1607827267614 796.8830368736147 163
1607827267615 794.7727761318838 164
1607827267617 792.5157003506873 165
1607827267618 789.6975473077742 166
1607827267620 787.3969496378229 167
1607827267621 785.6651897498316 168
1607827267622 784.2259974277707 169
1607827267624 783.010574966045 170
1607827267625 780.2861157343219 171
1607827267627 776.8487477116093 172
1607827267628 774.8753135478266 173
1607827267629 773.3018269688343 174
1607827267631 770.1662953524997 175
1607827267632 768.116577398998 176
1607827267634 765.2707918668674 177
1607827267635 761.5199136570186 178
1607827267636 760.3055057889238 179
1607827267638 757.6125709460018 180
1607827267639 755.9167736093827 181
1607827267641 754.2736304107264 182
1607827267642 751.79470768296 183
1607827267643 749.3740560061265 184
1607827267645 746.8158049715572 185
1607827267646 743.116871275261 186
1607827267648 741.1098714337228 187
1607827267649 739.2396242928276 188
1607827267650 736.5898458561707 189
1607827267652 735.647850508673 190
1607827267653 733.1978546013312 191
1607827267655 731.3905174957082 192
1607827267656 728.6543801952673 193
1607827267657 724.2623052786664 194
1607827267659 722.7621642849899 195
1607827267660 721.222272439588 196
1607827267662 718.3148857613063 197
1607827267663 716.6424575058395 198
1607827267664 712.3598487701242 199
1607827267666 710.9067968996045 200
1607827267667 708.8006761566909 201
1607827267669 707.1726983784437 202
1607827267670 704.6559882799472 203
1607827267672 703.0700861495633 204
1607827267673 701.7146151563741 205
1607827267674 701.2366580877549 206
1607827267679 961.769451463324 207
