1607827512782 1944.1502969154283 0
1607827512784 1923.3251161901842 1
1607827512785 1901.2044089413764 2
1607827512787 1881.9267641082902 3
1607827512789 1861.4582143158837 4
1607827512791 1841.7782433683085 5
1607827512792 1822.3752732930657 6
1607827512793 1803.6286604221223 7
1607827512795 1786.5180575192655 8
1607827512797 1770.2954550899792 9
1607827512798 1753.4678868973974 10
1607827512800 1735.7643560913807 11
1607827512801 1720.3537654938489 12
1607827512803 1705.8752634258838 13
1607827512804 1690.6142927573194 14
1607827512805 1675.0163931585346 15
1607827512807 1659.5414537512581 16
1607827512808 1645.6306967180597 17
1607827512810 1630.941025261143 18
1607827512812 1619.1122032764251 19
1607827512813 1605.2815701918628 20
1607827512814 1591.1240536377811 21
1607827512816 1578.2049803670443 22
1607827512817 1566.7700121216328 23
1607827512819 1555.3296791654361 24
1607827512820 1543.3131917350358 25
1607827512821 1532.0990380137428 26
1607827512823 1521.6374168146012 27
1607827512824 1509.954499273591 28
1607827512825 1499.327882742337 29
1607827512827 1488.9187382748512 30
1607827512829 1480.7362879056045 31
1607827512830 1470.7954238610964 32
1607827512831 1461.0180251757222 33
1607827512833 1450.3400084584366 34
1607827512834 1442.7730927739158 35
1607827512835 1432.0572753642339 36
1607827512837 1422.330670529859 37
1607827512838 1412.5058575054243 38
1607827512840 1405.0949386707161 39
1607827512841 1397.3255956501084 40
1607827512842 1390.109257475462 41
1607827512844 1382.5296631124202 42
1607827512846 1374.868657445835 43
1607827512847 1366.4176718629308 44
1607827512848 1357.8160046430369 45
1607827512850 1350.0878990872204 46
1607827512851 1344.9469527679728 47
1607827512852 1338.056996191359 48
1607827512854 1331.1473804928596 49
1607827512855 1323.9383599887276 50
1607827512857 1315.9784025881718 51
1607827512858 1308.7341158123259 52
1607827512859 1303.6718147148501 53
1607827512861 1295.8471711628692 54
1607827512862 1289.7532493941285 55
1607827512864 1284.5659491189722 56
1607827512865 1278.410393825396 57
1607827512866 1272.0986310950425 58
1607827512868 1267.0279401777718 59
1607827512869 1262.3164224139148 60
1607827512871 1257.580033614078 61
1607827512872 1251.5866567490077 62
1607827512873 1245.8638847374364 63
1607827512875 1240.7253632660756 64
1607827512876 1235.1888896719672 65
1607827512877 1229.7424917052042 66
1607827512879 1224.077121305618 67
1607827512880 1218.255218459041 68
1607827512882 1213.1229237952743 69
1607827512883 1207.0051226878074 70
1607827512885 1201.461263123391 71
1607827512886 1197.3034900486684 72
1607827512887 1192.4066547475252 73
1607827512889 1187.4348730197546 74
1607827512890 1182.1704945998615 75
1607827512892 1176.854093481201 76
1607827512893 1172.7012173575047 77
1607827512894 1168.3643710809768 78
1607827512896 1164.4540844557125 79
1607827512897 1160.4639396091568 80
1607827512899 1155.0283255926386 81
1607827512901 1150.9557601128988 82
1607827512902 1147.9263462054535 83
1607827512904 1143.1042381913398 84
1607827512905 1138.8384985443956 85
1607827512907 1134.716945184915 86
1607827512908 1131.5463952432265 87
1607827512910 1127.3160482131768 88
1607827512911 1124.714353141687 89
1607827512913 1121.8261666446497 90
1607827512914 1119.4272744433508 91
1607827512916 1116.185035086983 92
1607827512917 1111.6182507014184 93
1607827512919 1107.4239491737947 94
1607827512920 1104.0951891908508 95
1607827512921 1100.1758192515583 96
1607827512923 1096.773512132618 97
1607827512924 1093.6629988670186 98
1607827512926 1090.9010824465274 99
1607827512927 1088.073826229011 100
1607827512928 1085.3528069053814 101
1607827512930 1080.6719332297857 102
1607827512931 1077.1167973812994 103
1607827512933 1074.6846614825085 104
1607827512934 1072.0338593162887 105
1607827512935 1070.2718353734472 106
1607827512937 1067.8446865566964 107
1607827512938 1064.9099419835668 108
1607827512940 1062.6906436108322 109
1607827512941 1060.4486845318008 110
1607827512943 1057.3614201609705 111
1607827512944 1054.6081654833022 112
1607827512945 1052.7393691897828 113
1607827512947 1050.4472375733405 114
1607827512948 1049.1392890684892 115
1607827512950 1045.9646907931547 116
1607827512951 1044.3720444670018 117
1607827512952 1041.60661053711 118
1607827512954 1039.0707723491787 119
1607827512955 1035.5909935943964 120
1607827512957 1032.8327102682897 121
1607827512958 1030.8785624254367 122
1607827512959 1029.7586890126695 123
1607827512961 1025.8025281218788 124
1607827512962 1023.6272432169436 125
1607827512964 1022.1793757115188 126
1607827512965 1020.7763129831811 127
1607827512966 1017.4830103456396 128
1607827512968 1014.8385412866517 129
1607827512969 1013.3007156449277 130
1607827512971 1011.6736517177104 131
1607827512972 1008.6245157165972 132
1607827512974 1006.4117193958854 133
1607827512975 1004.8151837102312 134
1607827512976 1002.833058012047 135
1607827512978 1000.8883769162211 136
1607827512979 997.4728246747135 137
1607827512981 995.6666412286319 138
1607827512982 994.1753865754677 139
1607827512983 993.1174570734399 140
1607827512985 989.7388091314002 141
1607827512986 987.4190719860599 142
1607827512988 985.6921684700518 143
1607827512989 984.5309928543892 144
1607827512991 982.6051705657466 145
1607827512992 981.3720783653807 146
1607827512993 977.558562675293 147
1607827512995 975.7588773213463 148
1607827512996 973.6359741945039 149
1607827512998 970.8129963653961 150
1607827512999 969.3795551341416 151
1607827513000 966.3625725553712 152
1607827513002 963.7717773314325 153
1607827513003 962.1833169392258 154
1607827513005 960.7758854425931 155
1607827513006 958.4345805424283 156
1607827513008 957.4492631784686 157
1607827513009 955.9897599234869 158
1607827513010 953.941365297777 159
1607827513012 952.3388924075803 160
1607827513013 951.1409963635173 161
1607827513015 948.6107515765693 162
1607827513016 947.8529298917102 163
1607827513017 944.8860327938974 164
1607827513019 943.2859024458822 165
1607827513020 941.2880673742175 166
1607827513022 939.0250575359572 167
1607827513023 937.4137395038488 168
1607827513024 936.7022399666736 169
1607827513026 934.8476329585892 170
1607827513027 932.6195020231856 171
1607827513029 930.98626038993 172
1607827513030 930.4637077625947 173
1607827513032 928.6734405522528 174
1607827513033 926.3535303543954 175
1607827513034 923.4632659248917 176
1607827513036 921.6732582447913 177
1607827513037 920.2818944651491 178
1607827513039 917.9664926113201 179
1607827513040 915.7629501713177 180
1607827513041 914.0401830803181 181
1607827513043 911.5657373265929 182
1607827513044 909.3720495744262 183
1607827513046 908.1561638673727 184
1607827513047 907.5305141982111 185
1607827513049 906.3933399326902 186
1607827513050 904.6291934749815 187
1607827513051 902.9994149862305 188
1607827513053 900.7859025941314 189
1607827513054 898.4255551119229 190
1607827513056 896.8810538310948 191
1607827513057 895.7384900300075 192
1607827513058 893.8343456206564 193
1607827513060 891.4687895123295 194
1607827513061 890.246425176789 195
1607827513063 887.9942720120273 196
1607827513064 885.9560828169076 197
1607827513065 884.3735755198867 198
1607827513067 883.5911658815065 199
1607827513068 880.7460135449508 200
1607827513070 878.7962847815716 201
1607827513071 878.0758036152913 202
1607827513072 876.7269565777394 203
1607827513074 875.2677670849063 204
1607827513075 872.859830405889 205
1607827513076 869.8771939346975 206
1607827513078 868.4544889460042 207
1607827513079 867.4060392953627 208
1607827513081 865.7633725487539 209
1607827513082 864.4663662209844 210
1607827513084 863.6088710347034 211
1607827513085 861.5711229815965 212
1607827513086 860.4730868856414 213
1607827513088 859.0748511107411 214
1607827513090 857.8289534544094 215
1607827513091 856.2528792554145 216
1607827513092 854.8532943736005 217
1607827513094 853.4961939868401 218
1607827513095 851.7309580454034 219
1607827513097 849.9020890097362 220
1607827513098 849.4340839604347 221
1607827513099 848.5099620444109 222
1607827513101 847.007194111487 223
1607827513102 845.6808404022638 224
1607827513104 843.9763357281073 225
1607827513105 842.2030776846535 226
1607827513106 840.561380764155 227
1607827513108 838.1479403606534 228
1607827513109 837.4405942671934 229
1607827513111 836.7346424144663 230
1607827513112 834.739365487274 231
1607827513113 833.0397842310612 232
1607827513115 831.9423854788278 233
1607827513116 831.1817806346863 234
1607827513118 830.1289557534052 235
1607827513119 829.1082593126813 236
1607827513120 827.4874878870756 237
1607827513122 826.19153862033 238
1607827513123 824.5483284771502 239
1607827513125 822.8276185594866 240
1607827513126 821.0510787429636 241
1607827513127 820.2512582589713 242
1607827513129 819.3840429881516 243
1607827513130 817.2176665772836 244
1607827513132 816.1614939438323 245
1607827513133 813.9476006962799 246
1607827513135 812.2000208956114 247
1607827513136 810.6557941974892 248
1607827513137 808.8135676778378 249
1607827513139 807.9079545519082 250
1607827513140 806.4324015059708 251
1607827513142 804.8688501799912 252
1607827513143 802.7286274171466 253
1607827513144 802.0109351489867 254
1607827513146 801.0796880502959 255
1607827513147 799.9755632984599 256
1607827513149 799.4081003438845 257
1607827513150 798.2524554259513 258
1607827513151 796.3606179025362 259
1607827513153 795.6269317070123 260
1607827513154 794.388583191399 261
1607827513156 793.6490403214423 262
1607827513157 793.0679781175297 263
1607827513158 791.8814571771721 264
1607827513160 791.1103588475462 265
1607827513161 790.0805552567997 266
1607827513165 941.2880673742175 267
