1607830966836 1948.7053055424994 0
1607830966838 1934.7436061357005 1
1607830966839 1919.5670112321257 2
1607830966841 1905.8025919574256 3
1607830966843 1891.6359843224034 4
1607830966845 1878.3267377383631 5
1607830966846 1865.0262275676787 6
1607830966847 1851.670638477794 7
1607830966849 1839.2049594369355 8
1607830966850 1827.6107702927786 9
1607830966852 1815.9456171813144 10
1607830966853 1803.4863484734965 11
1607830966854 1790.6788773069813 12
1607830966856 1779.4183547088082 13
1607830966857 1768.555245937209 14
1607830966859 1756.6083527571498 15
1607830966860 1745.420602588504 16
1607830966861 1734.2424059651635 17
1607830966863 1723.0409866168238 18
1607830966864 1712.1765827984198 19
1607830966865 1701.4631837087848 20
1607830966867 1690.999702834414 21
1607830966868 1680.8181999840972 22
1607830966870 1672.2315451295888 23
1607830966871 1662.068275655735 24
1607830966872 1652.589625985006 25
1607830966874 1642.6493938161311 26
1607830966875 1633.9618204706646 27
1607830966876 1624.1558298898808 28
1607830966878 1614.5202162023952 29
1607830966879 1606.0651470506227 30
1607830966881 1596.8210144188372 31
1607830966882 1587.8858263726136 32
1607830966883 1579.5551835902245 33
1607830966885 1570.5970498464842 34
1607830966886 1561.9704303855842 35
1607830966887 1553.4455188173288 36
1607830966889 1544.78802610855 37
1607830966890 1538.0956534444397 38
1607830966892 1529.9518922720351 39
1607830966893 1523.3566695157517 40
1607830966894 1517.1531499044409 41
1607830966896 1509.7166806317014 42
1607830966897 1503.850703133777 43
1607830966899 1497.6174417571299 44
1607830966900 1491.132480374868 45
1607830966901 1484.3187133904476 46
1607830966903 1477.6196068742088 47
1607830966904 1472.35440960751 48
1607830966906 1464.756898823403 49
1607830966907 1458.5349603322998 50
1607830966908 1451.9194081089774 51
1607830966910 1444.8638277423245 52
1607830966911 1439.6564876224522 53
1607830966912 1433.1892446823128 54
1607830966914 1427.9157146243383 55
1607830966915 1420.58979701129 56
1607830966917 1414.7439634241887 57
1607830966918 1410.1604781920537 58
1607830966920 1404.9471235381827 59
1607830966921 1399.3992202779266 60
1607830966923 1393.483119328532 61
1607830966925 1388.8902308771785 62
1607830966926 1383.2672538332736 63
1607830966927 1378.0729617055356 64
1607830966929 1372.2375023799766 65
1607830966930 1367.5369387954963 66
1607830966932 1362.1361341243733 67
1607830966933 1356.2175495695442 68
1607830966935 1350.827103062693 69
1607830966936 1346.0716477505896 70
1607830966938 1341.264920437815 71
1607830966939 1336.3734045132635 72
1607830966941 1331.3492549441253 73
1607830966942 1326.4528861246858 74
1607830966944 1322.2712073076002 75
1607830966945 1317.5117421759655 76
1607830966946 1312.4061309570395 77
1607830966948 1308.5074995649834 78
1607830966949 1302.5359844969796 79
1607830966950 1297.0869651734918 80
1607830966952 1293.4119944244762 81
1607830966953 1289.3496042541642 82
1607830966955 1285.2116570258875 83
1607830966956 1281.0700623671642 84
1607830966957 1277.6598304564825 85
1607830966959 1274.198641988744 86
1607830966960 1270.3292138688896 87
1607830966961 1266.0435587986492 88
1607830966963 1262.403112879854 89
1607830966964 1258.4336753159032 90
1607830966966 1254.5783782984506 91
1607830966967 1251.3439554384381 92
1607830966968 1247.4074608883461 93
1607830966970 1243.1708071622752 94
1607830966971 1240.0288454797821 95
1607830966973 1236.4374653449504 96
1607830966974 1233.662658380975 97
1607830966976 1229.8517865774934 98
1607830966977 1226.1706016548465 99
1607830966978 1222.6384842064674 100
1607830966980 1219.7046814758191 101
1607830966981 1216.3158183874461 102
1607830966983 1212.6875917618715 103
1607830966984 1209.5193687150445 104
1607830966985 1207.0134674865178 105
1607830966987 1203.2109257837492 106
1607830966988 1200.1582246491441 107
1607830966990 1197.0589169496195 108
1607830966991 1193.8916706777088 109
1607830966993 1190.531748634877 110
1607830966994 1187.7919876519018 111
1607830966995 1184.6233364687823 112
1607830966997 1181.6675564800976 113
1607830966998 1178.9718859252978 114
1607830967000 1176.9947806246973 115
1607830967001 1173.870623072295 116
1607830967003 1171.7352375492458 117
1607830967004 1169.375027938939 118
1607830967005 1167.5606848399084 119
1607830967007 1164.9594140504134 120
1607830967008 1162.10468725074 121
1607830967010 1158.7931738307518 122
1607830967011 1156.440079703586 123
1607830967012 1154.529692904621 124
1607830967014 1152.5172369214133 125
1607830967015 1148.9131642929722 126
1607830967017 1146.6007599937375 127
1607830967018 1144.6572860569383 128
1607830967019 1141.18326180544 129
1607830967021 1138.1505848361141 130
1607830967022 1136.1078639521697 131
1607830967024 1134.4708964427832 132
1607830967025 1130.816001431694 133
1607830967027 1128.567050359889 134
1607830967028 1126.546080393595 135
1607830967029 1124.3340803729072 136
1607830967031 1120.7244599400856 137
1607830967032 1118.3196596823332 138
1607830967034 1115.9974602975394 139
1607830967035 1114.3387174679353 140
1607830967037 1110.6027636189363 141
1607830967038 1107.7990408776475 142
1607830967040 1106.0888413271166 143
1607830967041 1102.7781241014538 144
1607830967042 1101.0221423733321 145
1607830967044 1097.7940419714823 146
1607830967045 1095.9078110463793 147
1607830967047 1094.1704731026448 148
1607830967048 1092.33523881959 149
1607830967050 1090.0050778335449 150
1607830967051 1088.847664423032 151
1607830967053 1087.1549913431654 152
1607830967054 1085.9658918866644 153
1607830967055 1083.0263116707033 154
1607830967057 1081.7478851568303 155
1607830967058 1080.1488512139176 156
1607830967060 1078.842737541632 157
1607830967061 1077.4539143950244 158
1607830967063 1075.7394410363659 159
1607830967064 1073.892217388656 160
1607830967065 1071.038674582953 161
1607830967067 1069.2353829623553 162
1607830967068 1067.3096637291367 163
1607830967070 1064.7705779915682 164
1607830967071 1063.4159486771898 165
1607830967072 1062.2039417322994 166
1607830967074 1060.549487540135 167
1607830967075 1058.4294507155964 168
1607830967077 1056.24254255913 169
1607830967078 1054.5875294265968 170
1607830967080 1053.1060431599306 171
1607830967081 1050.8952306222357 172
1607830967082 1049.4631808879253 173
1607830967084 1046.373744063513 174
1607830967085 1045.1942113399612 175
1607830967087 1043.2843042187458 176
1607830967088 1041.516616339069 177
1607830967090 1040.0885210346792 178
1607830967091 1038.3652802178053 179
1607830967092 1036.5861053752822 180
1607830967094 1035.2611076207206 181
1607830967095 1033.3497960720165 182
1607830967097 1032.0352186891014 183
1607830967098 1031.3501028405951 184
1607830967100 1029.4657824519022 185
1607830967101 1028.3334624002584 186
1607830967102 1026.6721725693242 187
1607830967104 1024.926134195624 188
1607830967105 1024.0108285100473 189
1607830967107 1022.6215290203517 190
1607830967108 1021.4618009841428 191
1607830967109 1019.9894246931815 192
1607830967111 1018.4749630640677 193
1607830967112 1016.4518241333803 194
1607830967114 1015.025654529613 195
1607830967115 1013.7968222177499 196
1607830967117 1012.7875884945145 197
1607830967118 1011.1925266765251 198
1607830967119 1010.3721635681572 199
1607830967121 1008.6138005789923 200
1607830967122 1006.9296473520168 201
1607830967124 1005.9513459301485 202
1607830967125 1005.4360974356621 203
1607830967126 1004.1349308048392 204
1607830967128 1002.8047464349294 205
1607830967129 1000.9016813167016 206
1607830967131 998.529446406909 207
1607830967132 996.9142033330323 208
1607830967134 995.8447371546963 209
1607830967135 994.5417557272946 210
1607830967136 993.6690808001501 211
1607830967138 992.413174672519 212
1607830967139 990.0225255418626 213
1607830967141 989.2478598749728 214
1607830967142 987.742185810077 215
1607830967143 986.3535598333023 216
1607830967145 985.3460725986752 217
1607830967146 984.3902867904637 218
1607830967148 982.5938602695438 219
1607830967149 981.3722176533065 220
1607830967151 980.1119641708341 221
1607830967152 977.7960316878736 222
1607830967153 976.9934621359627 223
1607830967155 976.0567671890809 224
1607830967156 975.1694838063047 225
1607830967158 973.4570904989905 226
1607830967159 970.9634824925218 227
1607830967160 968.2719257430649 228
1607830967162 966.377375278173 229
1607830967163 963.774677927526 230
1607830967165 962.3791069600788 231
1607830967166 960.9925529801776 232
1607830967167 960.2613265094981 233
1607830967169 959.5186541188364 234
1607830967170 958.0633031493579 235
1607830967172 955.8681626628254 236
1607830967173 954.9279011215511 237
1607830967175 952.9325793610773 238
1607830967176 951.7838784388732 239
1607830967177 951.2284976676057 240
1607830967179 950.4565498897585 241
1607830967180 949.7438751087286 242
1607830967182 947.7238806790652 243
1607830967183 946.8526922756672 244
1607830967185 945.4538879768348 245
1607830967186 944.5329306790685 246
1607830967187 943.4372360475882 247
1607830967189 942.023508833516 248
1607830967190 940.5569937467279 249
1607830967192 938.6006750295005 250
1607830967193 936.7630899052481 251
1607830967194 935.7307947723194 252
1607830967196 933.9909292598879 253
1607830967197 933.4805052011493 254
1607830967199 932.7357381151892 255
1607830967200 931.8975505903239 256
1607830967201 930.453821911261 257
1607830967203 928.5850517863861 258
1607830967204 927.5480675774663 259
1607830967206 926.5656811733039 260
1607830967207 925.2219835400907 261
1607830967208 924.2849912829635 262
1607830967210 923.1392765311709 263
1607830967211 922.4653808750979 264
1607830967213 921.5182115641427 265
1607830967214 919.9414161790544 266
1607830967215 919.5745981852931 267
1607830967217 918.6028424411411 268
1607830967218 917.8941591331923 269
1607830967219 917.4881297319879 270
1607830967221 916.3531542289664 271
1607830967222 914.5740064102409 272
1607830967224 914.0744827934332 273
1607830967225 913.266603113654 274
1607830967226 912.3545014207606 275
1607830967228 911.5538121410423 276
1607830967229 910.4583028221896 277
1607830967231 909.9570448131044 278
1607830967232 908.5842337930383 279
1607830967234 907.5920902401152 280
1607830967235 907.159793907335 281
1607830967236 905.7607557499066 282
1607830967238 904.7302363720086 283
1607830967239 903.8742397939476 284
1607830967240 903.3516427815898 285
1607830967242 902.0484586762271 286
1607830967243 900.8476245142591 287
1607830967245 900.0628925143208 288
1607830967246 899.467758374902 289
1607830967247 898.3658219620924 290
1607830967249 896.4044667079166 291
1607830967250 895.5629735602519 292
1607830967252 894.068111714046 293
1607830967253 893.4452701834357 294
1607830967254 891.9945743294509 295
1607830967256 890.4256895196405 296
1607830967257 889.638063118428 297
1607830967259 889.0998935003585 298
1607830967260 887.8169604215008 299
1607830967261 886.2647365048614 300
1607830967263 885.2196584352059 301
1607830967264 883.7275692243911 302
1607830967266 882.8268027828577 303
1607830967267 881.4243709036994 304
1607830967268 879.9508552032985 305
1607830967270 878.2239963191809 306
1607830967271 877.7657376672756 307
1607830967272 876.2595031392873 308
1607830967274 875.5198781354051 309
1607830967275 874.2737479121205 310
1607830967277 873.6168085129809 311
1607830967278 871.5063353861251 312
1607830967279 870.5158214705185 313
1607830967281 869.7189093700838 314
1607830967282 868.8733390330914 315
1607830967284 868.1553086172296 316
1607830967285 867.6720354196146 317
1607830967286 867.3158702246924 318
1607830967288 866.87407231756 319
1607830967289 866.1302788493201 320
1607830967291 865.2799615154074 321
1607830967292 864.3110847731917 322
1607830967293 862.9460043266552 323
1607830967295 861.2263823876842 324
1607830967296 860.9444598862434 325
1607830967298 859.7825519775535 326
1607830967299 859.0044295189979 327
1607830967300 858.0816853856683 328
1607830967302 857.2375632336235 329
1607830967303 856.313974570047 330
1607830967305 855.7689273216097 331
1607830967306 854.699511925276 332
1607830967308 853.632137176186 333
1607830967309 852.0617630174455 334
1607830967310 851.3638980175778 335
1607830967312 850.1522473436812 336
1607830967313 849.9065471336154 337
1607830967315 849.2598428822131 338
1607830967316 848.5927374744025 339
1607830967317 847.3915365138671 340
1607830967319 846.9753844463974 341
1607830967320 845.8564862807139 342
1607830967321 844.8856458399197 343
1607830967323 844.4880060107644 344
1607830967324 843.5468520199228 345
1607830967326 842.3203479827738 346
1607830967327 840.0260462362005 347
1607830967328 839.6568594589867 348
1607830967330 839.3273618511015 349
1607830967331 837.2299815863292 350
1607830967333 836.5519231453826 351
1607830967334 835.7388702450274 352
1607830967335 835.4662774659928 353
1607830967337 834.9353312280557 354
1607830967338 833.3744740210731 355
1607830967340 831.3095623865092 356
1607830967341 830.9248381329949 357
1607830967342 830.63677898565 358
1607830967344 829.1838883906901 359
1607830967345 828.9583014082831 360
1607830967347 828.2338307658747 361
1607830967348 827.9557448312323 362
1607830967349 827.5800157718846 363
1607830967351 827.2116695991191 364
1607830967352 825.4701060151742 365
1607830967354 824.4067755118707 366
1607830967355 823.4647216144083 367
1607830967356 822.3820864363933 368
1607830967358 821.3109622084274 369
1607830967359 820.236244060178 370
1607830967360 818.7156266122681 371
1607830967362 818.3319526040538 372
1607830967363 817.220566712582 373
1607830967365 815.7970443245903 374
1607830967366 815.3517809611095 375
1607830967367 814.3680956517203 376
1607830967369 813.8641289467729 377
1607830967370 813.3505872424001 378
1607830967372 811.471454994039 379
1607830967373 811.1782741195788 380
1607830967374 810.3977886884451 381
1607830967376 809.5858140329966 382
1607830967377 809.2416749664277 383
1607830967381 904.7302363720086 384
