1607828077493 1944.1502969154283 0
1607828077495 1923.3251161901842 1
1607828077497 1901.2044089413766 2
1607828077499 1881.9267641082897 3
1607828077501 1861.4582143158834 4
1607828077503 1841.7782433683085 5
1607828077504 1822.375273293066 6
1607828077505 1803.628660422122 7
1607828077507 1786.5180575192655 8
1607828077508 1770.2954550899794 9
1607828077510 1753.4678868973974 10
1607828077511 1735.7643560913807 11
1607828077513 1720.3537654938486 12
1607828077514 1705.8752634258838 13
1607828077516 1690.6142927573196 14
1607828077517 1675.0163931585344 15
1607828077518 1659.5414537512581 16
1607828077520 1645.6306967180599 17
1607828077521 1630.941025261143 18
1607828077523 1619.1122032764251 19
1607828077526 1605.2815701918628 20
1607828077527 1591.1240536377813 21
1607828077529 1578.2049803670443 22
1607828077530 1566.7700121216328 23
1607828077532 1555.3296791654361 24
1607828077534 1543.313191735036 25
1607828077535 1532.0990380137428 26
1607828077537 1521.6374168146012 27
1607828077538 1509.954499273591 28
1607828077540 1499.3278827423371 29
1607828077541 1488.9187382748514 30
1607828077543 1480.7362879056043 31
1607828077544 1470.7954238610964 32
1607828077545 1461.0180251757222 33
1607828077547 1450.3400084584366 34
1607828077548 1442.7730927739158 35
1607828077550 1432.0572753642336 36
1607828077551 1422.3306705298587 37
1607828077552 1412.505857505424 38
1607828077554 1405.0949386707164 39
1607828077555 1397.3255956501084 40
1607828077557 1390.109257475462 41
1607828077558 1382.5296631124202 42
1607828077559 1374.868657445835 43
1607828077561 1366.4176718629305 44
1607828077562 1357.8160046430369 45
1607828077563 1350.0878990872204 46
1607828077565 1344.946952767973 47
1607828077566 1338.056996191359 48
1607828077568 1331.1473804928598 49
1607828077569 1323.9383599887276 50
1607828077570 1315.9784025881715 51
1607828077572 1308.7341158123259 52
1607828077573 1303.6718147148501 53
1607828077575 1295.8471711628692 54
1607828077576 1289.7532493941285 55
1607828077577 1284.5659491189724 56
1607828077579 1278.4103938253963 57
1607828077580 1272.0986310950423 58
1607828077582 1267.027940177772 59
1607828077583 1262.3164224139148 60
1607828077584 1257.580033614078 61
1607828077586 1251.5866567490077 62
1607828077587 1245.8638847374364 63
1607828077588 1240.7253632660756 64
1607828077590 1235.1888896719672 65
1607828077591 1229.7424917052042 66
1607828077593 1224.077121305618 67
1607828077594 1218.255218459041 68
1607828077595 1213.1229237952743 69
1607828077597 1207.0051226878074 70
1607828077598 1201.4612631233913 71
1607828077599 1197.3034900486684 72
1607828077601 1192.4066547475252 73
1607828077602 1187.4348730197546 74
1607828077604 1182.1704945998615 75
1607828077605 1176.854093481201 76
1607828077606 1172.7012173575047 77
1607828077608 1168.3643710809768 78
1607828077609 1164.4540844557125 79
1607828077611 1160.4639396091568 80
1607828077612 1155.0283255926386 81
1607828077613 1150.9557601128988 82
1607828077615 1147.9263462054535 83
1607828077616 1143.1042381913398 84
1607828077617 1138.8384985443959 85
1607828077619 1134.7169451849147 86
1607828077620 1131.5463952432265 87
1607828077622 1127.3160482131768 88
1607828077623 1124.714353141687 89
1607828077625 1121.8261666446497 90
1607828077627 1119.4272744433508 91
1607828077628 1116.185035086983 92
1607828077630 1111.6182507014184 93
1607828077631 1107.4239491737947 94
1607828077632 1104.0951891908508 95
1607828077634 1100.1758192515586 96
1607828077635 1096.773512132618 97
1607828077636 1093.6629988670186 98
1607828077638 1090.9010824465274 99
1607828077639 1088.073826229011 100
1607828077641 1085.3528069053814 101
1607828077642 1080.6719332297857 102
1607828077643 1077.1167973812994 103
1607828077645 1074.6846614825085 104
1607828077646 1072.0338593162887 105
1607828077648 1070.2718353734472 106
1607828077649 1067.8446865566964 107
1607828077650 1064.9099419835668 108
1607828077652 1062.6906436108322 109
1607828077653 1060.4486845318008 110
1607828077654 1057.3614201609705 111
1607828077656 1054.6081654833024 112
1607828077657 1052.7393691897826 113
1607828077659 1050.4472375733403 114
1607828077660 1049.1392890684892 115
1607828077661 1045.9646907931547 116
1607828077663 1044.3720444670018 117
1607828077664 1041.60661053711 118
1607828077665 1039.070772349179 119
1607828077667 1035.5909935943964 120
1607828077668 1032.8327102682897 121
1607828077670 1030.8785624254365 122
1607828077671 1029.7586890126695 123
1607828077673 1025.8025281218788 124
1607828077674 1023.6272432169437 125
1607828077675 1022.1793757115188 126
1607828077677 1020.7763129831812 127
1607828077678 1017.4830103456399 128
1607828077679 1014.8385412866518 129
1607828077681 1013.3007156449277 130
1607828077682 1011.6736517177104 131
1607828077684 1008.6245157165973 132
1607828077685 1006.4117193958854 133
1607828077686 1004.8151837102313 134
1607828077688 1002.833058012047 135
1607828077689 1000.8883769162211 136
1607828077691 997.4728246747136 137
1607828077692 995.6666412286319 138
1607828077693 994.1753865754677 139
1607828077695 993.1174570734402 140
1607828077696 989.7388091314002 141
1607828077697 987.4190719860597 142
1607828077699 985.6921684700518 143
1607828077700 984.5309928543893 144
1607828077702 982.6051705657464 145
1607828077703 981.3720783653806 146
1607828077704 977.558562675293 147
1607828077706 975.7588773213463 148
1607828077707 973.635974194504 149
1607828077709 970.812996365396 150
1607828077710 969.3795551341415 151
1607828077711 966.3625725553713 152
1607828077713 963.7717773314325 153
1607828077714 962.1833169392258 154
1607828077715 960.775885442593 155
1607828077717 958.4345805424283 156
1607828077718 957.4492631784686 157
1607828077720 955.9897599234869 158
1607828077721 953.941365297777 159
1607828077722 952.3388924075801 160
1607828077724 951.1409963635172 161
1607828077726 948.6107515765693 162
1607828077727 947.8529298917101 163
1607828077729 944.8860327938976 164
1607828077730 943.2859024458822 165
1607828077732 941.2880673742175 166
1607828077733 939.0250575359572 167
1607828077735 937.4137395038489 168
1607828077736 936.7022399666737 169
1607828077737 934.8476329585892 170
1607828077739 932.6195020231856 171
1607828077740 930.98626038993 172
1607828077742 930.4637077625947 173
1607828077743 928.673440552253 174
1607828077744 926.3535303543953 175
1607828077746 923.4632659248917 176
1607828077747 921.6732582447913 177
1607828077748 920.281894465149 178
1607828077750 917.9664926113201 179
1607828077751 915.7629501713177 180
1607828077753 914.0401830803181 181
1607828077754 911.5657373265927 182
1607828077755 909.3720495744261 183
1607828077757 908.1561638673727 184
1607828077758 907.5305141982111 185
1607828077760 906.3933399326903 186
1607828077761 904.6291934749814 187
1607828077762 902.9994149862305 188
1607828077764 900.7859025941312 189
1607828077765 898.4255551119228 190
1607828077766 896.8810538310948 191
1607828077768 895.7384900300075 192
1607828077769 893.8343456206566 193
1607828077771 891.4687895123294 194
1607828077772 890.246425176789 195
1607828077773 887.9942720120273 196
1607828077775 885.9560828169076 197
1607828077776 884.3735755198866 198
1607828077778 883.5911658815065 199
1607828077779 880.7460135449508 200
1607828077780 878.7962847815718 201
1607828077782 878.0758036152913 202
1607828077783 876.7269565777394 203
1607828077784 875.2677670849062 204
1607828077786 872.859830405889 205
1607828077787 869.8771939346975 206
1607828077789 868.4544889460042 207
1607828077790 867.4060392953627 208
1607828077791 865.7633725487539 209
1607828077793 864.4663662209845 210
1607828077794 863.6088710347034 211
1607828077796 861.5711229815964 212
1607828077797 860.4730868856412 213
1607828077798 859.0748511107412 214
1607828077800 857.8289534544094 215
1607828077801 856.2528792554144 216
1607828077802 854.8532943736005 217
1607828077804 853.4961939868401 218
1607828077805 851.7309580454034 219
1607828077807 849.9020890097362 220
1607828077808 849.4340839604346 221
1607828077809 848.5099620444109 222
1607828077811 847.0071941114869 223
1607828077812 845.6808404022638 224
1607828077813 843.9763357281072 225
1607828077815 842.2030776846534 226
1607828077816 840.561380764155 227
1607828077818 838.1479403606533 228
1607828077819 837.4405942671934 229
1607828077820 836.7346424144663 230
1607828077822 834.739365487274 231
1607828077823 833.0397842310612 232
1607828077825 831.9423854788279 233
1607828077826 831.1817806346863 234
1607828077828 830.1289557534052 235
1607828077829 829.1082593126814 236
1607828077830 827.4874878870755 237
1607828077832 826.1915386203299 238
1607828077834 824.5483284771502 239
1607828077835 822.8276185594866 240
1607828077837 821.0510787429636 241
1607828077838 820.2512582589713 242
1607828077839 819.3840429881516 243
1607828077841 817.2176665772836 244
1607828077842 816.1614939438324 245
1607828077844 813.9476006962799 246
1607828077845 812.2000208956113 247
1607828077846 810.6557941974892 248
1607828077848 808.8135676778377 249
1607828077849 807.9079545519083 250
1607828077850 806.4324015059707 251
1607828077852 804.8688501799912 252
1607828077853 802.7286274171465 253
1607828077854 802.0109351489867 254
1607828077856 801.0796880502959 255
1607828077857 799.9755632984599 256
1607828077859 799.4081003438845 257
1607828077860 798.2524554259512 258
1607828077861 796.3606179025362 259
1607828077863 795.6269317070123 260
1607828077864 794.3885831913989 261
1607828077866 793.6490403214423 262
1607828077867 793.0679781175297 263
1607828077868 791.8814571771721 264
1607828077870 791.1103588475462 265
1607828077871 790.0805552567998 266
1607828077875 941.2880673742175 267
