1607828041829 1850.8484070175023 0
1607828041831 1832.1289850405149 1
1607828041833 1812.0504038309891 2
1607828041835 1793.924903008854 3
1607828041836 1776.3614630795462 4
1607828041837 1758.0922843452 5
1607828041839 1740.6523278780835 6
1607828041840 1723.7907691652617 7
1607828041842 1709.0659276751046 8
1607828041844 1693.7342368663024 9
1607828041846 1678.0430344861636 10
1607828041847 1663.1559078793064 11
1607828041849 1649.6967565563386 12
1607828041850 1634.8622198954347 13
1607828041852 1619.4646843456114 14
1607828041853 1606.0943879475867 15
1607828041854 1592.542568606744 16
1607828041856 1580.7252329759972 17
1607828041858 1567.8680714874486 18
1607828041859 1554.2836381610155 19
1607828041861 1544.2057762025877 20
1607828041862 1532.6801628287185 21
1607828041864 1521.0498436663258 22
1607828041865 1510.387760117506 23
1607828041866 1500.266156663929 24
1607828041868 1489.6774889857973 25
1607828041869 1479.715166045631 26
1607828041871 1468.6573741979214 27
1607828041872 1458.9007033880669 28
1607828041874 1449.4268175097372 29
1607828041875 1441.1299499060517 30
1607828041877 1433.3694693494308 31
1607828041878 1425.4741364822532 32
1607828041880 1417.056768114798 33
1607828041881 1408.2491700940716 34
1607828041882 1400.6778736289375 35
1607828041884 1393.7887088125742 36
1607828041885 1385.816877147873 37
1607828041887 1377.680367862376 38
1607828041889 1370.5647426971334 39
1607828041890 1364.8925128036426 40
1607828041892 1360.2440349597796 41
1607828041893 1355.081338813796 42
1607828041894 1349.2166686159944 43
1607828041896 1341.7083789444907 44
1607828041897 1336.2634491416318 45
1607828041899 1330.5763957526601 46
1607828041900 1324.4584590407967 47
1607828041902 1320.1554153064442 48
1607828041904 1314.8080025692282 49
1607828041905 1309.0078934293313 50
1607828041907 1303.8014443031038 51
1607828041908 1297.1585355253078 52
1607828041910 1290.2725908832883 53
1607828041911 1285.729807802138 54
1607828041912 1281.8611777858682 55
1607828041914 1276.152150332278 56
1607828041915 1270.2894660637505 57
1607828041917 1264.4749532805736 58
1607828041918 1258.4641279322548 59
1607828041920 1252.3011868541355 60
1607828041921 1246.1728435588027 61
1607828041922 1241.1303851669777 62
1607828041924 1235.9676271884866 63
1607828041925 1229.9668211316005 64
1607828041927 1224.2441167513296 65
1607828041928 1219.384467196933 66
1607828041930 1215.37780019365 67
1607828041931 1209.1026286217361 68
1607828041933 1205.0710183575643 69
1607828041934 1200.1992777230832 70
1607828041936 1195.3412704229165 71
1607828041937 1190.8059273938181 72
1607828041938 1186.0360923268445 73
1607828041940 1182.0646436813036 74
1607828041941 1177.3960419849675 75
1607828041943 1172.7190615044133 76
1607828041944 1167.1976983072839 77
1607828041946 1163.244030741269 78
1607828041947 1159.2063205578422 79
1607828041949 1156.4351555034307 80
1607828041950 1152.8786739258662 81
1607828041952 1149.3430836282475 82
1607828041953 1146.230750699737 83
1607828041954 1142.5949004171598 84
1607828041956 1138.9168850686874 85
1607828041957 1136.0572457351047 86
1607828041959 1132.9473926498943 87
1607828041960 1128.059268210173 88
1607828041962 1124.4167041668502 89
1607828041963 1120.9120952509356 90
1607828041964 1117.6783453695953 91
1607828041966 1114.1911810956447 92
1607828041967 1111.6016593323047 93
1607828041969 1108.460418144112 94
1607828041970 1106.3778751320253 95
1607828041972 1104.0048769979721 96
1607828041973 1101.2023324055212 97
1607828041974 1098.2632634841573 98
1607828041976 1096.5681761018338 99
1607828041977 1092.6248578132236 100
1607828041979 1090.2713249333895 101
1607828041980 1087.2326823072005 102
1607828041981 1083.2958165978384 103
1607828041983 1080.0045545296143 104
1607828041984 1078.4507011803196 105
1607828041986 1076.1507172854276 106
1607828041987 1072.9341439147956 107
1607828041988 1070.4949484649267 108
1607828041990 1069.3649668218018 109
1607828041991 1066.7122254945155 110
1607828041993 1063.6227525918664 111
1607828041994 1060.72453875619 112
1607828041996 1058.614280956092 113
1607828041997 1057.5225716318487 114
1607828041998 1054.9175325152619 115
1607828042000 1053.5837089659085 116
1607828042001 1050.9438241286916 117
1607828042003 1048.8831175091814 118
1607828042004 1046.249339055805 119
1607828042005 1043.5232446927007 120
1607828042007 1041.9705675938908 121
1607828042008 1039.7293770841252 122
1607828042010 1038.032682875958 123
1607828042011 1036.0363879624008 124
1607828042012 1033.7942573699686 125
1607828042014 1032.5501243316057 126
1607828042015 1031.2261901930995 127
1607828042017 1029.0988478772297 128
1607828042018 1027.0458387187032 129
1607828042019 1025.0572157652862 130
1607828042021 1022.9207314612975 131
1607828042022 1021.5849584437514 132
1607828042024 1020.2271694402342 133
1607828042025 1019.0204905769948 134
1607828042027 1017.4223266689187 135
1607828042028 1015.8992325896974 136
1607828042029 1014.1310827165141 137
1607828042031 1012.0071039042117 138
1607828042032 1010.2698847188343 139
1607828042034 1008.9601396022817 140
1607828042035 1006.376824121748 141
1607828042036 1005.2496694133413 142
1607828042038 1003.8259676744775 143
1607828042039 1003.1998956277379 144
1607828042041 1002.1219054122461 145
1607828042042 999.3131088081166 146
1607828042043 996.3527100600095 147
1607828042045 993.0549337431753 148
1607828042046 989.8794399623628 149
1607828042048 988.5577239584802 150
1607828042049 987.3394147855884 151
1607828042050 985.4916542353658 152
1607828042052 983.7270598394323 153
1607828042053 982.386011213739 154
1607828042055 981.7865339292387 155
1607828042056 979.9718545702236 156
1607828042057 978.6567289563517 157
1607828042059 977.42484053911 158
1607828042060 976.4722630631868 159
1607828042062 974.0545520966585 160
1607828042063 972.3082997481368 161
1607828042064 970.6567904950241 162
1607828042066 968.6472984597808 163
1607828042067 967.5047466646654 164
1607828042069 966.170278523285 165
1607828042070 965.0900762504402 166
1607828042072 964.1780933984238 167
1607828042073 961.4770628808865 168
1607828042074 958.5213950768948 169
1607828042076 956.3193981195751 170
1607828042077 955.016945822466 171
1607828042079 953.2905500570719 172
1607828042080 951.5281178037271 173
1607828042081 949.7554096255864 174
1607828042083 948.0843113436986 175
1607828042084 945.0940506350652 176
1607828042086 943.151490184654 177
1607828042087 942.0690296923577 178
1607828042088 940.682001210845 179
1607828042090 938.6863306227146 180
1607828042091 936.5966691759448 181
1607828042093 935.2058925126704 182
1607828042094 934.0310470479121 183
1607828042096 932.717554712979 184
1607828042097 930.8740636701647 185
1607828042098 929.3756258283336 186
1607828042100 928.4420111047505 187
1607828042101 927.6408375214453 188
1607828042103 925.5234498115617 189
1607828042104 924.0290844443948 190
1607828042105 922.5822041404527 191
1607828042107 919.3861011288335 192
1607828042108 918.1872320394075 193
1607828042110 917.5751907049964 194
1607828042111 915.9629910349664 195
1607828042112 914.9671616155773 196
1607828042114 914.2742760743985 197
1607828042115 913.3204718376862 198
1607828042117 910.6332235032844 199
1607828042118 909.7388695908995 200
1607828042119 907.2663278998846 201
1607828042121 906.5108919684388 202
1607828042122 905.14159778858 203
1607828042124 904.3541930516137 204
1607828042125 903.33308149363 205
1607828042126 901.7455371890892 206
1607828042128 900.5095878920133 207
1607828042129 898.1716509199955 208
1607828042131 897.6236143774369 209
1607828042132 895.7663306969373 210
1607828042133 893.7181901511626 211
1607828042135 892.2730671968383 212
1607828042136 891.0012991164999 213
1607828042138 888.8786392596064 214
1607828042139 888.3201906780522 215
1607828042140 887.8067344384272 216
1607828042142 885.0860778118645 217
1607828042143 882.9782938477131 218
1607828042145 881.7961806541626 219
1607828042146 880.5018814515621 220
1607828042147 879.2159720394912 221
1607828042149 877.118910617651 222
1607828042150 874.3570576247472 223
1607828042152 872.1307377159311 224
1607828042153 870.3964791870972 225
1607828042155 869.3717269214712 226
1607828042156 868.6082541850558 227
1607828042157 868.0088979625212 228
1607828042159 865.8879897668673 229
1607828042160 865.0302773965145 230
1607828042162 863.9178347772053 231
1607828042163 863.5170845022282 232
1607828042164 862.6425552515467 233
1607828042166 861.5637958062395 234
1607828042167 860.1457606237508 235
1607828042169 858.653274062332 236
1607828042170 857.5316669881553 237
1607828042171 856.3751424950135 238
1607828042173 854.4530275354379 239
1607828042174 853.778851045821 240
1607828042176 852.6117739967596 241
1607828042177 851.0577289579438 242
1607828042178 848.955641122845 243
1607828042180 847.6585117265353 244
1607828042181 846.1172354365963 245
1607828042183 845.3459547982426 246
1607828042184 844.2908647759094 247
1607828042185 843.1861734365735 248
1607828042187 842.4333649034646 249
1607828042188 841.9283632375158 250
1607828042190 841.3434626836438 251
1607828042191 839.6600666336807 252
1607828042192 838.2749057306372 253
1607828042194 837.5124633227824 254
1607828042195 835.3405358358555 255
1607828042197 832.8175331429702 256
1607828042198 830.6903462709706 257
1607828042199 829.1440325874353 258
1607828042201 827.6331001193831 259
1607828042202 825.9483091093031 260
1607828042204 823.6484578849836 261
1607828042205 821.8716042052519 262
1607828042206 820.3277905941567 263
1607828042208 818.7654108797299 264
1607828042209 818.2609068238062 265
1607828042211 817.8564549875159 266
1607828042212 816.8340703333881 267
1607828042214 814.9255278176302 268
1607828042215 812.3595492464543 269
1607828042216 811.5986712441797 270
1607828042218 810.3462952807912 271
1607828042219 808.3343154645933 272
1607828042221 807.1333528215999 273
1607828042222 806.6752026258359 274
1607828042223 805.3376053613788 275
1607828042225 803.4839675210267 276
1607828042226 802.2528827169463 277
1607828042228 801.0884902348271 278
1607828042229 800.0627278593734 279
1607828042230 799.1223667480463 280
1607828042232 798.1187657359468 281
1607828042233 796.4523728561063 282
1607828042235 793.7722163328938 283
1607828042236 793.1270328913849 284
1607828042237 791.772752151987 285
1607828042239 791.0082092880521 286
1607828042240 790.2737499730754 287
1607828042242 789.3933824065101 288
1607828042243 787.7172014078795 289
1607828042244 787.1078604583355 290
1607828042246 786.1963168397886 291
1607828042247 784.0096735992204 292
1607828042249 782.41080476679 293
1607828042250 781.3610380967791 294
1607828042251 780.9981935461677 295
1607828042253 779.7356499355009 296
1607828042254 778.7460544826658 297
1607828042256 777.4474232760128 298
1607828042257 775.4933310891861 299
1607828042258 774.742753130711 300
1607828042260 773.4513264978001 301
1607828042261 772.847731661613 302
1607828042263 771.0905029189973 303
1607828042264 769.7967280633262 304
1607828042265 768.1051399102 305
1607828042267 766.5983493937855 306
1607828042268 765.8424505348681 307
1607828042270 764.3350308898915 308
1607828042271 762.2253746470877 309
1607828042272 761.2759773872585 310
1607828042274 759.7204604307333 311
1607828042275 758.1138101788671 312
1607828042277 756.4019341498027 313
1607828042278 755.5596381952782 314
1607828042279 754.4351831591206 315
1607828042281 753.7908218211167 316
1607828042282 752.5836421686772 317
1607828042284 751.4802183850941 318
1607828042285 750.6430875016018 319
1607828042286 748.1033485906632 320
1607828042288 747.0103440126982 321
1607828042289 745.6013630316183 322
1607828042290 744.5109989329286 323
1607828042292 743.4744150444769 324
1607828042293 741.6210298776372 325
1607828042295 740.9622896050224 326
1607828042296 739.8519767103224 327
1607828042297 737.5969072428385 328
1607828042299 736.2556640022825 329
1607828042300 735.1919435516172 330
1607828042302 733.9338347670956 331
1607828042303 733.5427426718087 332
1607828042304 732.7336028715446 333
1607828042306 730.8933477958509 334
1607828042307 730.2916620278113 335
1607828042309 729.4015416762462 336
1607828042310 728.1478464911127 337
1607828042312 726.9488077221298 338
1607828042322 725.055923188848 339
1607828042323 724.250797122148 340
1607828042325 723.6295943301861 341
1607828042326 723.1667293950196 342
1607828042328 722.1092573250271 343
1607828042329 720.9848979094614 344
1607828042331 719.9344551521348 345
1607828042332 719.0709059185361 346
1607828042334 718.4056729449774 347
1607828042335 717.1448936370007 348
1607828042336 716.8802048136798 349
1607828042338 714.1383855051342 350
1607828042339 713.7462800114288 351
1607828042340 712.0937309816939 352
1607828042342 710.3798073329809 353
1607828042343 709.7143944577513 354
1607828042345 708.9224928959119 355
1607828042346 707.7368275999069 356
1607828042347 706.321778647703 357
1607828042349 705.5874855813636 358
1607828042350 704.1299292324629 359
1607828042352 703.7910669591408 360
1607828042353 702.9838512288568 361
1607828042354 701.9843167237326 362
1607828042356 700.8235705914718 363
1607828042357 699.7535329149354 364
1607828042359 699.2162617445742 365
1607828042360 698.8480579506441 366
1607828042361 697.6181926301743 367
1607828042363 696.4874628076982 368
1607828042364 695.0373339170588 369
1607828042366 693.8640230080673 370
1607828042367 693.1016925421787 371
1607828042368 692.6566135960016 372
1607828042370 691.3996551011712 373
1607828042371 690.8746307104159 374
1607828042373 689.623966224349 375
1607828042374 688.8051852662627 376
1607828042375 687.5096953341197 377
1607828042377 687.1607616256653 378
1607828042378 685.7497472640065 379
1607828042380 684.4416319673285 380
1607828042381 683.6955871157458 381
1607828042382 683.2595346704244 382
1607828042384 681.4564348069392 383
1607828042385 680.345422505933 384
1607828042387 679.0769185217769 385
1607828042388 678.574489260956 386
1607828042389 678.0439926225896 387
1607828042391 677.1858971161292 388
1607828042392 675.9828476181586 389
1607828042394 674.1928895587764 390
1607828042395 672.9545402296313 391
1607828042396 672.3692307606088 392
1607828042398 671.1334056973724 393
1607828042399 670.3694898973242 394
1607828042401 669.4191486957253 395
1607828042402 668.8539059939889 396
1607828042404 667.4110837973832 397
1607828042405 665.1317008082475 398
1607828042406 664.3192379755129 399
1607828042408 663.6777993603413 400
1607828042409 662.1366517353972 401
1607828042411 660.9448832138676 402
1607828042412 659.0918528022088 403
1607828042413 658.5016097600252 404
1607828042415 657.1274349673133 405
1607828042416 656.3604143964711 406
1607828042418 655.2997782159824 407
1607828042419 654.7202817288297 408
1607828042420 653.6673064094743 409
1607828042422 653.0877470333824 410
1607828042423 652.2074322436397 411
1607828042425 651.5379927653004 412
1607828042426 650.1345493978082 413
1607828042427 649.4668946511666 414
1607828042429 648.6276240328327 415
1607828042430 647.3383783568571 416
1607828042432 646.0409818987879 417
1607828042433 644.3049399899343 418
1607828042435 643.6567796338617 419
1607828042436 642.6053083132805 420
1607828042437 641.2644088839453 421
1607828042439 640.704477108307 422
1607828042440 639.4781359667847 423
1607828042442 638.3492348369226 424
1607828042443 637.6801465881799 425
1607828042444 637.1683825395405 426
1607828042446 636.7599021820562 427
1607828042447 634.7909500079627 428
1607828042449 633.32894729498 429
1607828042450 632.3797493901425 430
1607828042451 631.6280306173637 431
1607828042453 631.2845592972263 432
1607828042454 630.9606850208978 433
1607828042456 629.8475414736326 434
1607828042457 628.9528052258889 435
1607828042458 627.5151198533233 436
1607828042460 626.3072551125508 437
1607828042461 625.2956431362173 438
1607828042463 625.0590565513845 439
1607828042464 624.5226569477164 440
1607828042465 623.4419932839082 441
1607828042467 623.0262129336219 442
1607828042468 621.5585765427621 443
1607828042470 620.2725156157985 444
1607828042471 619.5985355045316 445
1607828042472 618.6020407249872 446
1607828042474 616.922580759513 447
1607828042475 616.5416918341139 448
1607828042477 615.4316031612695 449
1607828042478 614.7095341682522 450
1607828042480 613.188402330854 451
1607828042481 612.1065687651188 452
1607828042482 610.4919835892401 453
1607828042484 610.0233081744668 454
1607828042485 609.4245109353726 455
1607828042487 607.2427357847436 456
1607828042488 606.6122701818539 457
1607828042489 605.3934608747817 458
1607828042491 604.8403126869591 459
1607828042493 604.2423599076467 460
1607828042496 603.2564521922052 461
1607828042498 602.9367146156671 462
1607828042500 602.2864837465884 463
1607828042501 601.4759172499575 464
1607828042502 601.2899707312954 465
1607828042504 599.5453460072333 466
1607828042506 598.2943517238551 467
1607828042507 598.0687550113813 468
1607828042508 597.4840317122425 469
1607828042510 597.0462741399688 470
1607828042512 596.6303530859682 471
1607828042513 595.9390882128973 472
1607828042514 595.6307672479 473
1607828042516 595.1892290993337 474
1607828042517 594.2054969164466 475
1607828042519 593.200376784661 476
1607828042520 592.6842087659368 477
1607828042521 591.9898481530944 478
1607828042523 591.3456262926607 479
1607828042525 589.7745639618277 480
1607828042526 589.0252699262354 481
1607828042527 588.5803294757769 482
1607828042529 588.240348300522 483
1607828042530 587.9560069793641 484
1607828042532 587.4251903318078 485
1607828042533 586.1381562182653 486
1607828042534 585.4872011337683 487
1607828042537 583.9374637810723 488
1607828042539 583.3360581734232 489
1607828042540 582.6979591555889 490
1607828042542 581.843891543663 491
1607828042543 581.5777377224864 492
1607828042545 580.8052966828585 493
1607828042546 579.7100816727117 494
1607828042548 579.3163350482686 495
1607828042549 578.0925453560696 496
1607828042551 576.8304165164327 497
1607828042552 576.3056047230516 498
1607828042554 575.6486142499436 499
1607828042555 575.2434090650386 500
1607828042557 574.6861184144625 501
1607828042558 573.938752381306 502
1607828042559 573.7409298963349 503
1607828042561 573.3832486296816 504
1607828042562 572.2338404209386 505
1607828042564 571.227011178243 506
1607828042565 570.7784035207142 507
1607828042567 569.8832745326055 508
1607828042568 568.6482398406552 509
1607828042570 567.8984225958858 510
1607828042571 567.476286191474 511
1607828042572 567.0697002592858 512
1607828042574 566.58296759004 513
1607828042575 566.0665197496929 514
1607828042577 564.8560116550098 515
1607828042578 564.1119912338435 516
1607828042579 562.9491419675634 517
1607828042581 561.7339286551697 518
1607828042582 561.1294195234411 519
1607828042584 559.9507140182343 520
1607828042585 559.3082281149852 521
1607828042587 558.9372702740005 522
1607828042588 558.0831718112645 523
1607828042589 557.375328669015 524
1607828042591 556.2351954799352 525
1607828042592 555.695895348224 526
1607828042594 555.1384346896228 527
1607828042595 553.7245742939108 528
1607828042596 553.3726696013999 529
1607828042598 552.834501794742 530
1607828042599 552.6835360744273 531
1607828042601 552.1500461305548 532
1607828042602 551.1382610971558 533
1607828042604 550.078564554322 534
1607828042605 549.2759010550859 535
1607828042606 548.7094315555728 536
1607828042608 547.5672611603011 537
1607828042609 546.4770884726082 538
1607828042611 545.7593859312595 539
1607828042612 545.2144330450036 540
1607828042613 544.8101885298017 541
1607828042615 544.2626019732289 542
1607828042616 543.4327303762246 543
1607828042618 543.0479054831284 544
1607828042619 542.4093622747449 545
1607828042620 542.0164211769472 546
1607828042622 541.0342883435376 547
1607828042623 540.539415182951 548
1607828042625 539.7470859114421 549
1607828042626 539.0121786381613 550
1607828042627 538.4438049746702 551
1607828042629 537.7288907117994 552
1607828042630 536.9238019050882 553
1607828042632 536.2543564804542 554
1607828042633 535.4077114893332 555
1607828042634 535.0707407724374 556
1607828042636 534.6346474146276 557
1607828042637 534.1493098938424 558
1607828042639 533.912526584972 559
1607828042640 532.6049915261615 560
1607828042641 532.1191400211594 561
1607828042643 531.7775378078072 562
1607828042644 531.2388376428369 563
1607828042646 530.1236915591024 564
1607828042647 529.6952130746942 565
1607828042649 528.930887673792 566
1607828042650 528.2567711546803 567
1607828042651 527.2856850734776 568
1607828042653 525.9257068980304 569
1607828042654 525.053649039159 570
1607828042656 524.6896174840942 571
1607828042657 523.7606796976136 572
1607828042658 523.2819596732788 573
1607828042660 522.2211194564401 574
1607828042661 521.8570682085576 575
1607828042663 521.3333146865555 576
1607828042664 520.8787451922841 577
1607828042665 520.5310773101743 578
1607828042667 520.1950221583535 579
1607828042668 519.3925079202901 580
1607828042670 518.7949749109684 581
1607828042671 517.7760041129621 582
1607828042673 517.3336182577865 583
1607828042674 516.6885127086382 584
1607828042675 516.0726281264085 585
1607828042677 515.2617933156068 586
1607828042678 514.4442408510123 587
1607828042680 514.0795002039133 588
1607828042681 513.4787337894744 589
1607828042682 513.2450555681221 590
1607828042684 511.62549837794654 591
1607828042685 511.098046496362 592
1607828042687 510.70995168681947 593
1607828042688 509.83742882770736 594
1607828042690 509.3759596613684 595
1607828042691 509.1230341199689 596
1607828042692 508.852852663825 597
1607828042694 507.56381702759137 598
1607828042695 506.60261695413493 599
1607828042697 505.55299762128976 600
1607828042698 504.8118100875806 601
1607828042700 504.08397165494546 602
1607828042701 503.8704828294492 603
1607828042703 502.9312743323329 604
1607828042704 502.5033951124709 605
1607828042705 502.22666955167034 606
1607828042707 501.89076390259186 607
1607828042708 501.67524893469295 608
1607828042710 501.0377148892675 609
1607828042711 499.9390438692896 610
1607828042712 499.5282529407146 611
1607828042714 498.4151693212047 612
1607828042715 497.5536621189368 613
1607828042717 497.03227161581486 614
1607828042718 496.8471641991812 615
1607828042720 496.08227571327336 616
1607828042721 495.1554927485566 617
1607828042722 494.8694066257542 618
1607828042724 494.36342469682825 619
1607828042725 493.3129984499467 620
1607828042727 492.2897799057158 621
1607828042728 491.161494893328 622
1607828042729 490.247067273194 623
1607828042731 490.0856864957834 624
1607828042732 489.2470925441527 625
1607828042734 488.9108566129148 626
1607828042735 488.5555964415478 627
1607828042737 487.99946088986155 628
1607828042738 487.2851558240331 629
1607828042739 486.6423240632717 630
1607828042741 486.23806430629134 631
1607828042742 485.8107989923222 632
1607828042744 485.344587534 633
1607828042745 484.99663567579086 634
1607828042746 484.06215625157205 635
1607828042748 483.35707462544195 636
1607828042749 482.27865768910857 637
1607828042751 481.66119245623383 638
1607828042752 481.2691444988254 639
1607828042753 480.7416050691761 640
1607828042755 480.6223731894543 641
1607828042756 480.2635141113111 642
1607828042758 479.8307243265952 643
1607828042759 479.3805501459261 644
1607828042761 478.5919993506736 645
1607828042762 477.6108818927609 646
1607828042763 477.19079723816407 647
1607828042765 475.92428837460875 648
1607828042766 475.5589828240138 649
1607828042768 475.24756226441343 650
1607828042769 474.6431497556995 651
1607828042770 474.2254519698976 652
1607828042772 473.8701602970406 653
1607828042773 473.3006596601924 654
1607828042775 472.7877919296841 655
1607828042776 471.54707640825615 656
1607828042778 471.16785455022966 657
1607828042779 470.59185743183275 658
1607828042780 470.4037427543903 659
1607828042782 470.27001634055284 660
1607828042783 469.92979060282534 661
1607828042785 469.502201229628 662
1607828042786 468.397187109728 663
1607828042787 468.203811587886 664
1607828042789 467.1919905121913 665
1607828042790 466.7599451423646 666
1607828042792 466.5172966328268 667
1607828042793 465.6624245248303 668
1607828042794 465.415265755328 669
1607828042796 464.26125364719394 670
1607828042797 463.6450147589267 671
1607828042799 463.0655120537962 672
1607828042800 462.1498839027574 673
1607828042801 461.47699771169863 674
1607828042803 460.96384061536315 675
1607828042804 460.66932274006285 676
1607828042806 460.01556964234203 677
1607828042807 459.1485853733781 678
1607828042808 458.51415865430613 679
1607828042810 457.7376425819667 680
1607828042811 457.1945657260409 681
1607828042813 456.6846523667467 682
1607828042814 456.32829308635695 683
1607828042815 455.6612087793231 684
1607828042817 454.9113509038835 685
1607828042818 454.5322466510519 686
1607828042820 453.51289750744223 687
1607828042821 452.8526573800749 688
1607828042822 451.9700894615762 689
1607828042824 451.21840924665304 690
1607828042825 450.9737887906669 691
1607828042827 450.62369805288876 692
1607828042828 450.20785357606866 693
1607828042830 449.36998373134963 694
1607828042831 449.24433490302226 695
1607828042832 448.35267609126015 696
1607828042834 447.82905287889895 697
1607828042835 447.0694883126687 698
1607828042837 446.4958591180116 699
1607828042838 445.66891715177735 700
1607828042839 444.67395612628616 701
1607828042841 444.3642289991324 702
1607828042842 443.70213428186025 703
1607828042844 443.00269163857075 704
1607828042845 442.54232807096554 705
1607828042846 441.186976300869 706
1607828042848 440.40822642518606 707
1607828042849 439.7626279558052 708
1607828042851 439.2496863264241 709
1607828042852 438.10535886175325 710
1607828042853 437.61366062561376 711
1607828042855 437.3197874059417 712
1607828042856 436.8269402985965 713
1607828042858 436.32665946139736 714
1607828042859 435.6876585741484 715
1607828042860 435.22898152698787 716
1607828042862 435.01699270956107 717
1607828042863 434.78254715306485 718
1607828042865 434.60305631539615 719
1607828042866 434.46758237895824 720
1607828042867 433.4853024045963 721
1607828042869 432.7401609683427 722
1607828042870 432.4761503517291 723
1607828042872 432.19893637994045 724
1607828042873 431.35386583957666 725
1607828042874 430.67678951497425 726
1607828042876 430.179259103302 727
1607828042877 429.92396317136803 728
1607828042879 429.6348881001774 729
1607828042880 429.1978595293731 730
1607828042881 428.58536642749107 731
1607828042883 428.1529212431141 732
1607828042884 427.5890735672061 733
1607828042886 426.8228045410294 734
1607828042887 426.49581253181043 735
1607828042888 426.4147261273362 736
1607828042890 425.6817050346898 737
1607828042891 425.0010325831043 738
1607828042893 424.13682788799025 739
1607828042894 423.18694696576574 740
1607828042895 422.52002277545336 741
1607828042897 422.3111617587443 742
1607828042898 422.13874094480644 743
1607828042900 421.09490716866674 744
1607828042901 420.95301314261235 745
1607828042903 420.59491963896744 746
1607828042904 419.9806159022349 747
1607828042906 419.5155944431314 748
1607828042907 419.2942487062032 749
1607828042908 418.98243658529884 750
1607828042910 418.8592076695208 751
1607828042911 418.13977275812596 752
1607828042913 417.46451746346975 753
1607828042914 416.28408678780505 754
1607828042915 415.7123370265019 755
1607828042917 415.22080084875654 756
1607828042918 414.5527007115949 757
1607828042920 414.22828648682054 758
1607828042921 413.5097006713532 759
1607828042922 412.5536098446115 760
1607828042924 412.23878949560344 761
1607828042925 411.4414738292359 762
1607828042927 411.1711816105627 763
1607828042928 410.18472791230374 764
1607828042929 409.8188184283202 765
1607828042931 408.9244089619292 766
1607828042932 408.4985710128315 767
1607828042934 408.0461370572999 768
1607828042935 407.84545788934906 769
1607828042936 407.0998410594216 770
1607828042938 406.64460364373286 771
1607828042939 406.5050842219764 772
1607828042941 406.2840302498559 773
1607828042942 405.82868998764326 774
1607828042944 405.2038532455905 775
1607828042945 404.66402310160294 776
1607828042946 404.51801607018444 777
1607828042948 404.01856802255713 778
1607828042949 403.4033534974379 779
1607828042951 402.76640224898466 780
1607828042952 402.18685622792583 781
1607828042953 401.3632818974999 782
1607828042955 401.23061199016644 783
1607828042956 400.7878406819575 784
1607828042958 400.5998316588253 785
1607828042959 400.18744366388876 786
1607828042961 399.7247967289573 787
1607828042962 399.1540678251376 788
1607828042963 398.8723327119483 789
1607828042965 398.194128426836 790
1607828042966 397.63797838269505 791
1607828042968 396.86536866791636 792
1607828042969 396.31150461397806 793
1607828042970 395.83924182228753 794
1607828042972 395.343034021909 795
1607828042973 395.01185677880426 796
1607828042975 394.33381244782936 797
1607828042976 394.0214416030577 798
1607828042978 393.5507522544805 799
1607828042979 393.09575859305164 800
1607828042980 392.7448108871308 801
1607828042982 392.3646842807018 802
1607828042983 391.46511660313774 803
1607828042985 390.5665322665752 804
1607828042986 390.20981447798613 805
1607828042988 389.9420414696884 806
1607828042989 389.7686472253639 807
1607828042990 389.66104775652894 808
1607828042992 389.17667528436624 809
1607828042993 388.87778947435527 810
1607828042995 388.1247825893533 811
1607828042996 387.7021382689199 812
1607828042997 387.49892685109165 813
1607828042999 387.0632367392265 814
1607828043000 386.753545785271 815
1607828043002 386.5703124040716 816
1607828043003 386.22793730871314 817
1607828043004 385.44023761655734 818
1607828043006 385.1222041128387 819
1607828043007 384.6426039025032 820
1607828043009 384.2639082191722 821
1607828043010 384.06969432428104 822
1607828043012 383.2766249740864 823
1607828043013 382.9133202864161 824
1607828043015 382.7587611734879 825
1607828043016 382.28316125072433 826
1607828043018 381.76283524288004 827
1607828043019 381.5483057443 828
1607828043020 381.17065902290767 829
1607828043022 380.52461406560343 830
1607828043023 380.270194277732 831
1607828043025 380.18746937191736 832
1607828043026 380.02402234486806 833
1607828043028 379.89887780578846 834
1607828043029 379.14077644858605 835
1607828043031 378.624852093207 836
1607828043032 378.147565619863 837
1607828043034 377.83038110645697 838
1607828043035 377.6350509918428 839
1607828043036 376.896460282016 840
1607828043038 376.7096359317632 841
1607828043039 375.9284735713409 842
1607828043041 375.81483011239425 843
1607828043042 375.4299757493904 844
1607828043043 374.9904943491169 845
1607828043045 374.4699586581228 846
1607828043046 374.26569613908407 847
1607828043048 373.9076065727922 848
1607828043049 373.35771543265 849
1607828043050 372.53562128619984 850
1607828043052 372.2351072110882 851
1607828043053 371.8015982056502 852
1607828043055 370.98614789873454 853
1607828043056 370.31068525994897 854
1607828043057 370.0547302916954 855
1607828043059 369.6208823470872 856
1607828043060 368.9510207334564 857
1607828043062 368.62648682334367 858
1607828043063 368.2473066552454 859
1607828043067 413.5097006713532 860
