1607830983719 1950.7599937465711 0
1607830983722 1936.17119334819 1
1607830983723 1921.218125261717 2
1607830983725 1907.7951439620294 3
1607830983727 1893.4113086666946 4
1607830983728 1879.9147657605033 5
1607830983730 1866.4639521741678 6
1607830983731 1852.8817069574116 7
1607830983732 1840.6674665270064 8
1607830983734 1828.3890557845552 9
1607830983735 1816.2253570597138 10
1607830983736 1803.9186741006386 11
1607830983738 1791.919651775098 12
1607830983739 1780.6364252386688 13
1607830983740 1768.588975905697 14
1607830983742 1757.397809919294 15
1607830983743 1746.3412462477313 16
1607830983744 1735.006714019903 17
1607830983746 1723.86108119157 18
1607830983747 1713.489269923148 19
1607830983748 1702.6248816614952 20
1607830983750 1691.5761860900682 21
1607830983751 1682.2607090605877 22
1607830983753 1672.3636433204388 23
1607830983754 1662.0192236892572 24
1607830983755 1651.751750962015 25
1607830983756 1642.1169627730285 26
1607830983758 1632.831663742276 27
1607830983759 1623.6858189929112 28
1607830983760 1615.425925978473 29
1607830983762 1606.2977730330117 30
1607830983763 1597.0587491364854 31
1607830983764 1588.8328298196268 32
1607830983766 1581.1317773037279 33
1607830983767 1572.7661732392417 34
1607830983768 1564.0314096591717 35
1607830983770 1556.0158802899407 36
1607830983771 1548.5096106854885 37
1607830983772 1541.5354150310075 38
1607830983774 1533.1775888009383 39
1607830983775 1524.9071450953422 40
1607830983776 1516.7434332705939 41
1607830983778 1508.174324622536 42
1607830983779 1500.2550905120024 43
1607830983780 1492.9172781660407 44
1607830983782 1485.969882257031 45
1607830983783 1478.576908152261 46
1607830983784 1472.9031800192872 47
1607830983786 1465.3101332450124 48
1607830983787 1458.733762993093 49
1607830983788 1452.8733152609218 50
1607830983790 1445.911259363466 51
1607830983791 1439.2209377661086 52
1607830983792 1432.8270441035143 53
1607830983794 1426.760460382124 54
1607830983795 1421.2508196871731 55
1607830983796 1415.6852753743794 56
1607830983798 1409.7088655330283 57
1607830983799 1402.8187311908932 58
1607830983801 1396.5046867537153 59
1607830983802 1390.9919406079391 60
1607830983803 1386.2364072025741 61
1607830983805 1381.674959649763 62
1607830983806 1376.551704541417 63
1607830983807 1371.8430515076557 64
1607830983809 1368.1660785783201 65
1607830983810 1362.4945308318897 66
1607830983811 1357.2557528828283 67
1607830983813 1353.1917931965236 68
1607830983814 1348.2602814312313 69
1607830983815 1344.5694724851955 70
1607830983817 1340.1381747698958 71
1607830983818 1335.1330800328342 72
1607830983819 1329.5966593798073 73
1607830983821 1324.3041926939363 74
1607830983822 1319.7293554765722 75
1607830983823 1316.6063943867648 76
1607830983825 1312.393122695521 77
1607830983826 1307.4034685416284 78
1607830983827 1303.2273132185442 79
1607830983829 1299.6501330283968 80
1607830983830 1295.746722094132 81
1607830983831 1291.2619609367478 82
1607830983833 1287.431652043344 83
1607830983834 1283.6220903085734 84
1607830983835 1279.795903081306 85
1607830983837 1276.4613669431726 86
1607830983838 1272.341602756475 87
1607830983839 1269.0054625888747 88
1607830983841 1265.0889069056109 89
1607830983842 1261.686306407539 90
1607830983843 1257.3452784099788 91
1607830983845 1252.874628562749 92
1607830983846 1249.2659095058696 93
1607830983847 1246.0222355515418 94
1607830983849 1242.914532964605 95
1607830983850 1239.6638856023137 96
1607830983851 1235.594009912485 97
1607830983853 1232.0438835771272 98
1607830983854 1228.495111686228 99
1607830983855 1224.538137234659 100
1607830983857 1220.4888138357494 101
1607830983858 1215.8340081255783 102
1607830983859 1212.4261598202836 103
1607830983860 1208.9345764153466 104
1607830983862 1205.7765495104318 105
1607830983863 1201.8055159836995 106
1607830983864 1197.8773184017718 107
1607830983866 1193.7568120058456 108
1607830983867 1190.7540149839156 109
1607830983869 1187.0330377603505 110
1607830983870 1183.8527012414834 111
1607830983871 1181.076442132394 112
1607830983873 1178.0369477398817 113
1607830983874 1174.3724351655135 114
1607830983875 1171.8908566411485 115
1607830983877 1169.1603904179688 116
1607830983878 1166.1169506747035 117
1607830983879 1162.6185889092271 118
1607830983881 1159.0303583262846 119
1607830983882 1156.4507604983976 120
1607830983883 1153.4446161491185 121
1607830983885 1151.073698084357 122
1607830983886 1148.4780171539526 123
1607830983887 1145.4650966877912 124
1607830983889 1143.2458384762147 125
1607830983890 1140.6727846842314 126
1607830983891 1137.772614121589 127
1607830983893 1135.2229687189429 128
1607830983894 1133.0536516457494 129
1607830983895 1130.7850902310545 130
1607830983897 1128.4697859615856 131
1607830983898 1126.2155407838093 132
1607830983899 1124.0810389559463 133
1607830983900 1121.477906502235 134
1607830983902 1119.4632919686564 135
1607830983903 1116.5777983141152 136
1607830983905 1114.5128598179465 137
1607830983906 1112.6275332659372 138
1607830983907 1110.093689972839 139
1607830983909 1108.4137766028516 140
1607830983910 1106.9286172339184 141
1607830983911 1104.1577969276361 142
1607830983913 1102.505936160368 143
1607830983914 1100.709580191801 144
1607830983916 1099.1351670585436 145
1607830983917 1096.1227799339852 146
1607830983919 1094.675043299001 147
1607830983920 1092.2388884505563 148
1607830983922 1090.9219485363317 149
1607830983923 1089.259405755503 150
1607830983925 1086.8060216202987 151
1607830983926 1084.457941602274 152
1607830983927 1083.2882768689258 153
1607830983929 1080.5503309598857 154
1607830983930 1079.1121272649136 155
1607830983932 1076.8998659566894 156
1607830983933 1075.6605920586642 157
1607830983934 1074.148314867567 158
1607830983936 1072.8432977133577 159
1607830983937 1070.2676842411495 160
1607830983939 1068.780630857583 161
1607830983940 1066.5179332442272 162
1607830983941 1065.5292047568153 163
1607830983943 1064.0988673397128 164
1607830983944 1063.0129877567929 165
1607830983946 1060.5389719177792 166
1607830983947 1058.5503803245572 167
1607830983948 1057.0503667592839 168
1607830983950 1056.119686740392 169
1607830983951 1054.861103512708 170
1607830983952 1053.2995740702593 171
1607830983954 1052.2704871155863 172
1607830983955 1050.1322587422028 173
1607830983957 1049.202775542729 174
1607830983958 1047.7393723905645 175
1607830983959 1045.7819933243154 176
1607830983961 1043.9795553251897 177
1607830983962 1042.8952144132998 178
1607830983963 1041.771550187601 179
1607830983965 1040.059172125008 180
1607830983966 1038.5762533421616 181
1607830983968 1037.4672979668348 182
1607830983969 1036.4530584007107 183
1607830983970 1034.4141849210455 184
1607830983972 1033.1435625605864 185
1607830983973 1030.8083582946997 186
1607830983975 1028.2347847346734 187
1607830983976 1026.9272109097872 188
1607830983977 1025.6105310247663 189
1607830983979 1024.4220241149167 190
1607830983980 1023.589224791846 191
1607830983981 1020.9021129892386 192
1607830983983 1019.1111290243068 193
1607830983984 1016.9256683962664 194
1607830983986 1016.3149828614189 195
1607830983987 1014.8988432910452 196
1607830983988 1014.242538979016 197
1607830983990 1013.0537564228698 198
1607830983991 1011.7467321886056 199
1607830983992 1010.3089328332367 200
1607830983994 1009.1832983547589 201
1607830983995 1008.406836343414 202
1607830983996 1007.6037418555084 203
1607830983998 1006.512358329139 204
1607830983999 1005.6835062480516 205
1607830984001 1004.688716536129 206
1607830984002 1004.0112951983925 207
1607830984003 1001.7013330208674 208
1607830984005 1000.6710859629032 209
1607830984006 999.5815881129331 210
1607830984008 998.4153691493735 211
1607830984009 997.0378868187763 212
1607830984010 995.1151654836203 213
1607830984012 993.565215109764 214
1607830984013 992.9737415466783 215
1607830984014 991.00342799115 216
1607830984016 989.9502022130482 217
1607830984017 987.3846851580076 218
1607830984019 986.3319731237688 219
1607830984020 985.2957897821553 220
1607830984021 983.2664383794497 221
1607830984023 982.6159340945641 222
1607830984025 981.8596021113275 223
1607830984026 980.7695033620744 224
1607830984027 978.5424820211257 225
1607830984029 977.0294802597672 226
1607830984030 976.0166198369712 227
1607830984031 972.8939953227917 228
1607830984033 972.0350552232894 229
1607830984034 970.0109185136457 230
1607830984036 968.8396802904283 231
1607830984037 967.0458092481205 232
1607830984038 966.4099697572029 233
1607830984040 965.325043313542 234
1607830984041 963.8967998983861 235
1607830984043 962.7722381985599 236
1607830984044 960.715312109908 237
1607830984045 958.6993576492029 238
1607830984047 956.5225763619972 239
1607830984048 954.7498788771904 240
1607830984050 953.1109432791503 241
1607830984051 951.5986097632428 242
1607830984052 949.9964289661046 243
1607830984054 948.6474544439301 244
1607830984055 947.0082606466507 245
1607830984056 945.0302259457039 246
1607830984058 943.2824903110651 247
1607830984059 942.5607679663849 248
1607830984061 941.5510032045136 249
1607830984062 941.0306846587647 250
1607830984063 940.3547496648779 251
1607830984065 939.1309276333219 252
1607830984066 937.9418465569422 253
1607830984067 936.246366049744 254
1607830984069 934.6017812289182 255
1607830984070 932.933495632842 256
1607830984071 932.2713224019543 257
1607830984073 931.5419282680182 258
1607830984074 930.4027364010979 259
1607830984075 929.3493700987958 260
1607830984077 928.0608514440005 261
1607830984078 927.6218887754083 262
1607830984079 926.5673081460781 263
1607830984081 925.8159811404909 264
1607830984082 925.4552197799302 265
1607830984083 924.4531390305964 266
1607830984085 922.6033986421262 267
1607830984086 921.4637506353926 268
1607830984087 920.1771781269069 269
1607830984089 918.194056598777 270
1607830984090 916.923557365209 271
1607830984091 916.2257658812493 272
1607830984093 915.0437678079351 273
1607830984094 913.957034214551 274
1607830984095 911.9222133937145 275
1607830984097 910.5549851945098 276
1607830984098 910.0559169782225 277
1607830984099 908.9298234994917 278
1607830984101 907.0083928596167 279
1607830984102 904.7898786128744 280
1607830984103 903.4812295404748 281
1607830984105 902.4613953953069 282
1607830984106 901.5966315478439 283
1607830984107 900.8913825516154 284
1607830984109 900.1183809871025 285
1607830984110 898.8891304550165 286
1607830984111 897.9962143130579 287
1607830984113 896.7777453570205 288
1607830984114 895.7961616237409 289
1607830984115 894.3029826481584 290
1607830984117 892.598938078197 291
1607830984118 890.9543436093301 292
1607830984119 889.3747041989384 293
1607830984121 887.8156687414867 294
1607830984122 886.7427078249885 295
1607830984124 885.8030699372282 296
1607830984125 885.0445133060899 297
1607830984126 884.4784755314093 298
1607830984128 883.091102080954 299
1607830984129 882.1311217176872 300
1607830984130 880.7335738867133 301
1607830984132 879.8827441532271 302
1607830984133 878.5522147217886 303
1607830984134 877.0275523821335 304
1607830984136 874.8519091851115 305
1607830984137 873.3850273137352 306
1607830984138 872.6047695613397 307
1607830984140 871.4860544188346 308
1607830984141 870.5973797418666 309
1607830984142 869.961700186897 310
1607830984144 869.567559331755 311
1607830984145 868.2830368382969 312
1607830984146 867.2833014620111 313
1607830984148 866.4330525835925 314
1607830984149 865.2036784528523 315
1607830984150 864.4760542891676 316
1607830984152 863.7883416957607 317
1607830984153 862.5845086920981 318
1607830984155 861.4371889294065 319
1607830984156 860.154884419901 320
1607830984157 859.6517194708955 321
1607830984159 858.5511560063942 322
1607830984160 857.4609941796613 323
1607830984161 855.2946229446053 324
1607830984163 853.6827426075399 325
1607830984164 853.1268183122985 326
1607830984165 851.7648523233602 327
1607830984167 850.3711208005118 328
1607830984168 849.4051028505346 329
1607830984169 848.2165846514773 330
1607830984171 847.3083235161232 331
1607830984172 846.420053814486 332
1607830984173 845.6570270164684 333
1607830984175 844.2547394087312 334
1607830984176 843.5517548943241 335
1607830984177 842.623614753587 336
1607830984179 841.798302936229 337
1607830984180 839.7878897558772 338
1607830984181 838.6754959246197 339
1607830984183 837.5456562703611 340
1607830984184 836.4774497236323 341
1607830984186 835.4895999211091 342
1607830984187 834.5363549798595 343
1607830984188 833.7566647846677 344
1607830984190 833.2327235711032 345
1607830984191 831.6784418229415 346
1607830984192 830.6586310849799 347
1607830984193 829.8937502734711 348
1607830984195 829.5263490388139 349
1607830984196 828.75948808445 350
1607830984200 941.0306846587647 351
