1607827294572 1836.5516449214156 0
1607827294575 1806.191523775465 1
1607827294576 1773.2836175477128 2
1607827294578 1747.59995253288 3
1607827294580 1717.0988642822817 4
1607827294581 1689.5336581420802 5
1607827294583 1663.646666142632 6
1607827294584 1639.2380522109788 7
1607827294586 1618.351043670072 8
1607827294588 1598.3151055988865 9
1607827294589 1577.4128600398362 10
1607827294590 1557.8596745946097 11
1607827294591 1535.960958696134 12
1607827294593 1515.2492747191902 13
1607827294594 1498.0052945393122 14
1607827294595 1480.5432749173306 15
1607827294597 1464.814952066072 16
1607827294598 1449.9903663687003 17
1607827294600 1436.0935547549677 18
1607827294601 1421.7900820647046 19
1607827294602 1405.598890594242 20
1607827294604 1391.468032630526 21
1607827294606 1379.946724638011 22
1607827294607 1370.4323098611314 23
1607827294608 1357.239314369376 24
1607827294610 1346.5812442541726 25
1607827294611 1337.577040676944 26
1607827294612 1326.1405814286163 27
1607827294614 1315.5676600321794 28
1607827294615 1304.8858377919446 29
1607827294616 1295.7223107699547 30
1607827294618 1287.3872482439235 31
1607827294619 1276.4992904904436 32
1607827294621 1265.1665909798496 33
1607827294623 1257.2999236699393 34
1607827294625 1251.089118951753 35
1607827294626 1242.4667835919452 36
1607827294627 1234.140128513651 37
1607827294629 1224.4909347215657 38
1607827294630 1217.432075926382 39
1607827294631 1209.7161361186163 40
1607827294633 1200.1246880987112 41
1607827294634 1194.0605360453387 42
1607827294635 1188.278437823453 43
1607827294637 1184.4420251939287 44
1607827294639 1175.0775285179304 45
1607827294640 1170.986437509643 46
1607827294641 1163.845177551895 47
1607827294643 1158.3211444289761 48
1607827294645 1153.7587104195882 49
1607827294646 1147.1793539321925 50
1607827294648 1140.05489598728 51
1607827294649 1134.0863868336016 52
1607827294650 1127.7292179254985 53
1607827294652 1122.9706609784291 54
1607827294654 1117.365611610789 55
1607827294655 1112.5256907027708 56
1607827294657 1108.5497446030902 57
1607827294658 1104.0506376869369 58
1607827294659 1098.710482623169 59
1607827294661 1092.2155225505257 60
1607827294663 1088.720556703933 61
1607827294664 1083.3903902601646 62
1607827294665 1077.3284202593077 63
1607827294667 1072.0707825586846 64
1607827294668 1068.9869330182657 65
1607827294669 1064.2609521481784 66
1607827294671 1060.253055182864 67
1607827294672 1055.622445532149 68
1607827294674 1052.268905146729 69
1607827294675 1046.6948131926627 70
1607827294677 1042.8790547693686 71
1607827294678 1039.455606681209 72
1607827294680 1035.3629532284979 73
1607827294681 1029.8414466921938 74
1607827294682 1025.78495857789 75
1607827294684 1022.1383896293944 76
1607827294685 1020.0021187394634 77
1607827294686 1016.7753881763862 78
1607827294688 1014.7806850365123 79
1607827294689 1010.7788701811957 80
1607827294691 1006.8634589480267 81
1607827294692 1003.8166032595619 82
1607827294694 1001.2903757149246 83
1607827294695 994.1156523674941 84
1607827294696 991.7976805274275 85
1607827294698 990.3997252105385 86
1607827294699 987.0461781315377 87
1607827294700 984.1260614400962 88
1607827294702 980.0048893362639 89
1607827294703 978.8908198664572 90
1607827294705 977.2234902098229 91
1607827294706 974.4203321611757 92
1607827294707 971.5106934842061 93
1607827294709 965.388059507937 94
1607827294710 963.1509680115996 95
1607827294712 961.1981309447783 96
1607827294713 957.4383105863841 97
1607827294714 955.020756252921 98
1607827294716 954.0973686856122 99
1607827294717 952.1994528060012 100
1607827294719 950.148798182686 101
1607827294720 947.5976283669511 102
1607827294721 945.3024927141269 103
1607827294724 943.4681505027626 104
1607827294725 940.6809048783508 105
1607827294727 936.0763332826443 106
1607827294728 931.7161607442458 107
1607827294729 930.3675905749402 108
1607827294731 929.5463129938342 109
1607827294732 926.204160219153 110
1607827294733 924.5412743880064 111
1607827294735 920.8083755903016 112
1607827294736 917.6415440631565 113
1607827294738 912.6420719573423 114
1607827294739 908.7692609437128 115
1607827294741 906.9660092508892 116
1607827294742 906.0515988151041 117
1607827294743 904.1994215338369 118
1607827294745 901.6751601282488 119
1607827294746 899.475758084181 120
1607827294747 897.2266654648862 121
1607827294749 892.5972541314297 122
1607827294750 888.7717186763164 123
1607827294752 886.2369052683138 124
1607827294753 883.8157137454981 125
1607827294754 881.703362438537 126
1607827294756 879.208757695293 127
1607827294757 876.3189239906752 128
1607827294759 873.4408186564716 129
1607827294760 871.3698951262735 130
1607827294761 868.6865886599012 131
1607827294763 865.8296018205459 132
1607827294764 863.7886032672551 133
1607827294766 861.316299722867 134
1607827294767 858.8112511114535 135
1607827294768 857.9562599232976 136
1607827294770 854.4239101398992 137
1607827294771 851.7816454745046 138
1607827294773 850.115200711436 139
1607827294775 846.3306899317103 140
1607827294776 843.7275742740662 141
1607827294778 841.4389338836517 142
1607827294779 839.1158540036987 143
1607827294780 836.8253510380724 144
1607827294782 831.0442942537501 145
1607827294783 828.9711181199792 146
1607827294785 826.0265041314756 147
1607827294786 824.9981277879405 148
1607827294788 822.4503075514469 149
1607827294790 819.1247056245262 150
1607827294791 817.3915295522651 151
1607827294793 816.5860602565499 152
1607827294794 815.9406256328418 153
1607827294795 812.7409465256239 154
1607827294797 811.3479663223715 155
1607827294798 809.3194517476682 156
1607827294800 808.1616675937579 157
1607827294801 804.2885275312967 158
1607827294803 801.5539551193552 159
1607827294804 800.5436859067328 160
1607827294805 797.1796399244873 161
1607827294807 794.902163015803 162
1607827294808 791.9775408269204 163
1607827294810 790.770052229613 164
1607827294811 789.1202803854546 165
1607827294812 788.3259368077083 166
1607827294814 785.5313564045549 167
1607827294815 782.9209868619073 168
1607827294817 780.7985985623311 169
1607827294818 776.2082514828501 170
1607827294819 774.1658161248802 171
1607827294821 772.1877935396224 172
1607827294822 770.153490921873 173
1607827294825 766.8740742442379 174
1607827294827 763.8963767749261 175
1607827294828 760.6187229571028 176
1607827294830 759.2371757250872 177
1607827294832 757.5853524273123 178
1607827294833 755.9361543153312 179
1607827294835 754.5734887016414 180
1607827294836 754.1263520222878 181
1607827294838 753.5639342745435 182
1607827294840 751.9843893414352 183
1607827294842 750.0311877176321 184
1607827294843 749.136040470826 185
1607827294845 747.4397920136886 186
1607827294846 744.8802939397999 187
1607827294848 742.4425777122425 188
1607827294850 740.5790772627 189
1607827294851 739.8696122012036 190
1607827294853 738.5958925342427 191
1607827294854 736.5915237160857 192
1607827294856 735.4560729656832 193
1607827294858 734.6390712447844 194
1607827294860 731.5929694986261 195
1607827294861 730.4911503655948 196
1607827294862 729.2422502985031 197
1607827294864 727.1534197890662 198
1607827294866 726.0761641024171 199
1607827294867 725.3308739006031 200
1607827294868 723.6673332136613 201
1607827294870 722.8545183191068 202
1607827294872 719.3079987664145 203
1607827294873 718.0609222089655 204
1607827294875 715.1074588341322 205
1607827294877 713.103318855265 206
1607827294878 712.0315331639468 207
1607827294880 710.0445444859932 208
1607827294881 708.9590697226542 209
1607827294883 708.1905047112396 210
1607827294885 707.1741150028064 211
1607827294886 706.1375520019903 212
1607827294888 703.7452928452574 213
1607827294891 701.9894346607202 214
1607827294893 700.8864970040014 215
1607827294895 699.6817103386103 216
1607827294896 696.5970245193428 217
1607827294898 694.5563079939831 218
1607827294900 692.9789212430089 219
1607827294902 689.5063430486092 220
1607827294904 687.725376976311 221
1607827294906 686.5874134279961 222
1607827294908 684.6618779960546 223
1607827294909 683.2554666114196 224
1607827294911 682.2510013898454 225
1607827294912 680.003514888144 226
1607827294914 678.5012506707458 227
1607827294915 678.1618162963675 228
1607827294917 677.037323998068 229
1607827294918 676.3170897826648 230
1607827294920 675.2109923592325 231
1607827294921 674.0183883091988 232
1607827294923 672.9880673383002 233
1607827294924 672.0321335476183 234
1607827294926 670.3925827524745 235
1607827294927 669.6924106456514 236
1607827294928 667.9069618952936 237
1607827294930 666.3419538877769 238
1607827294931 664.3654705862017 239
1607827294933 662.1892158160978 240
1607827294934 660.1623245286502 241
1607827294936 658.453249809047 242
1607827294937 657.2658344531062 243
1607827294938 654.5858633193767 244
1607827294940 654.1766128898853 245
1607827294941 652.4207142725872 246
1607827294943 651.1183677549495 247
1607827294944 649.8533395099535 248
1607827294945 647.627280616992 249
1607827294947 646.2953962974741 250
1607827294948 645.0881025896402 251
1607827294950 643.5864360672824 252
1607827294951 641.2542567348266 253
1607827294953 639.9263379948517 254
1607827294954 638.1956927932334 255
1607827294955 637.0909178409522 256
1607827294957 636.2947467391767 257
1607827294958 635.0952543045671 258
1607827294960 632.8282742244153 259
1607827294961 631.5042462575692 260
1607827294962 629.2708837838244 261
1607827294964 627.5513700781953 262
1607827294965 625.9501337063771 263
1607827294967 625.3413284773964 264
1607827294968 623.6024850831659 265
1607827294970 622.2806318213193 266
1607827294971 620.0647652139747 267
1607827294972 619.5588524641091 268
1607827294974 617.7998567058997 269
1607827294975 617.3216311666057 270
1607827294977 616.3539950719842 271
1607827294978 615.4835525590074 272
1607827294979 614.6256604697771 273
1607827294981 614.189736553286 274
1607827294982 613.5645466668067 275
1607827294984 612.0961112124672 276
1607827294985 610.9687768292652 277
1607827294987 610.4813167804962 278
1607827294988 608.647619465926 279
1607827294989 606.6601042529412 280
1607827294991 605.8160343532986 281
1607827294992 604.0941909892729 282
1607827294994 601.0284070525968 283
1607827294995 600.1618128154047 284
1607827294996 599.8516021229769 285
1607827294998 599.1985427346367 286
1607827294999 597.4094594361453 287
1607827295001 596.1806649509883 288
1607827295002 595.473473427262 289
1607827295004 594.3896868299177 290
1607827295005 592.8171619363014 291
1607827295006 591.4463665710316 292
1607827295008 588.7824822404988 293
1607827295009 586.9593886378116 294
1607827295010 585.488613304277 295
1607827295012 583.8258654615455 296
1607827295013 582.185516978746 297
1607827295015 581.670520335846 298
1607827295016 580.8287882086603 299
1607827295018 579.4337006774927 300
1607827295019 578.1396701845857 301
1607827295020 575.224411098797 302
1607827295022 574.4054179758322 303
1607827295023 572.9497452009448 304
1607827295025 571.5100230099591 305
1607827295026 569.6909620162988 306
1607827295028 568.2237598421791 307
1607827295029 567.1843920565472 308
1607827295030 566.3154409946137 309
1607827295032 564.9076132503925 310
1607827295033 564.360572824414 311
1607827295035 562.3138086400169 312
1607827295036 560.9262967378627 313
1607827295037 559.6426448129281 314
1607827295039 556.9271618365494 315
1607827295040 555.795369873458 316
1607827295042 554.7627393514217 317
1607827295043 553.994320403299 318
1607827295044 552.6186941014173 319
1607827295046 551.5544301749865 320
1607827295047 551.0707866394365 321
1607827295049 549.6737851568347 322
1607827295050 547.8609850561115 323
1607827295052 546.9361925519726 324
1607827295053 545.8865993784085 325
1607827295054 543.7149980085723 326
1607827295056 542.3500766929011 327
1607827295057 541.8468758436061 328
1607827295059 541.2092451420203 329
1607827295060 540.3947610576489 330
1607827295061 538.8973498977203 331
1607827295063 538.3303248109011 332
1607827295064 537.6202077470083 333
1607827295066 536.7591237724852 334
1607827295067 536.0727033486636 335
1607827295068 535.1385869668655 336
1607827295070 534.1500435336623 337
1607827295071 533.6217447937147 338
1607827295073 532.7513730164025 339
1607827295074 531.9719353150297 340
1607827295075 531.4030071393038 341
1607827295077 530.0234313225004 342
1607827295078 528.6013345515469 343
1607827295080 526.8447376163624 344
1607827295081 525.6801788494992 345
1607827295083 523.2681605675577 346
1607827295084 521.8322812260783 347
1607827295086 520.8773511642007 348
1607827295087 519.05747265028 349
1607827295089 518.210409690556 350
1607827295090 517.8472671235047 351
1607827295091 517.0864653192608 352
1607827295093 515.8841746225493 353
1607827295094 514.4145681737946 354
1607827295095 513.0704235871416 355
1607827295097 511.7611876406705 356
1607827295098 510.17796724354514 357
1607827295100 508.7176389582139 358
1607827295101 507.53246891360743 359
1607827295102 506.4545660092532 360
1607827295104 504.60993560079675 361
1607827295105 503.92709074115953 362
1607827295107 503.56826767682395 363
1607827295108 501.2003870515461 364
1607827295109 499.7799291327278 365
1607827295111 498.8218818791322 366
1607827295112 498.1777362003237 367
1607827295114 497.7323831910248 368
1607827295115 497.26623818023154 369
1607827295116 496.72030780635504 370
1607827295118 495.67362221785964 371
1607827295119 495.13962749025035 372
1607827295121 494.8912537781316 373
1607827295122 493.54595248124525 374
1607827295123 492.5903052947797 375
1607827295125 490.9861346731225 376
1607827295126 489.99255351916315 377
1607827295128 487.98958122565335 378
1607827295129 486.82201051156875 379
1607827295130 486.23281162951446 380
1607827295132 485.079329471667 381
1607827295133 484.1696984619635 382
1607827295135 483.2518971887237 383
1607827295136 482.43756780173527 384
1607827295137 480.2474909351709 385
1607827295139 479.27671571602093 386
1607827295140 477.53120802168706 387
1607827295142 476.9586663758225 388
1607827295143 475.20622510510515 389
1607827295144 474.60069880937823 390
1607827295146 473.35966713847336 391
1607827295147 472.51525730210875 392
1607827295149 471.3186069986822 393
1607827295150 470.98637099153825 394
1607827295151 469.5911863713701 395
1607827295153 468.7251929557099 396
1607827295154 468.49885733607624 397
1607827295156 467.8038142453795 398
1607827295157 466.9880388810455 399
1607827295159 466.43656814206463 400
1607827295160 464.0274359838066 401
1607827295161 462.680236293463 402
1607827295163 461.9733371252316 403
1607827295164 461.0732731152137 404
1607827295166 460.4708137218947 405
1607827295167 459.9790594382135 406
1607827295168 459.51504571386056 407
1607827295170 457.38644378240525 408
1607827295171 455.4376913865511 409
1607827295173 454.2288841274671 410
1607827295174 454.0569916666636 411
1607827295175 453.41183090302724 412
1607827295177 453.0175942443591 413
1607827295178 452.507907044497 414
1607827295180 451.4563017604228 415
1607827295181 450.7239207150226 416
1607827295182 449.9565343861188 417
1607827295184 448.3560949775542 418
1607827295185 447.54007482760835 419
1607827295187 446.14815577566804 420
1607827295188 445.26979773410096 421
1607827295189 444.35827999994314 422
1607827295191 443.0683948072468 423
1607827295192 441.4098108073911 424
1607827295194 440.2328790990137 425
1607827295195 439.85888155939347 426
1607827295196 438.9979949776564 427
1607827295198 438.6264364659832 428
1607827295199 437.2407452039848 429
1607827295201 435.6741479739262 430
1607827295202 434.5365553873098 431
1607827295203 433.7806752196243 432
1607827295205 432.73284384914854 433
1607827295206 431.60903866451326 434
1607827295207 431.3494722555601 435
1607827295209 430.8570102797213 436
1607827295210 430.0160136891038 437
1607827295212 429.09623514263086 438
1607827295213 428.22959976071735 439
1607827295214 427.5555509094465 440
1607827295216 426.0597989365732 441
1607827295217 425.24400354653494 442
1607827295219 424.7975771588816 443
1607827295220 423.5711708534464 444
1607827295221 422.9434633076664 445
1607827295223 422.3453166482252 446
1607827295224 421.68008769197473 447
1607827295226 420.3449481800123 448
1607827295227 418.93538537058436 449
1607827295228 418.2428458726126 450
1607827295230 416.92428638397047 451
1607827295231 415.377574925166 452
1607827295233 414.6894047797979 453
1607827295234 413.69504893571747 454
1607827295235 413.3767449104731 455
1607827295237 412.9681600452056 456
1607827295238 411.3951633215431 457
1607827295240 409.78661970245594 458
1607827295241 409.29613063056996 459
1607827295242 408.5873513759652 460
1607827295244 407.86106543241067 461
1607827295245 406.8525531785982 462
1607827295247 406.47074550630265 463
1607827295248 405.80764869988946 464
1607827295249 405.3984272089001 465
1607827295251 404.41978848932575 466
1607827295252 403.1014438938198 467
1607827295254 402.3394235823787 468
1607827295255 402.09005443567753 469
1607827295256 401.08502172978996 470
1607827295258 400.77016811759233 471
1607827295259 400.30264916498817 472
1607827295261 398.92653177607417 473
1607827295262 397.99717664823635 474
1607827295263 396.91895844625645 475
1607827295265 396.4767773715636 476
1607827295266 395.56258635813793 477
1607827295268 394.22987595257024 478
1607827295269 393.11842344122033 479
1607827295271 392.9126471108794 480
1607827295272 392.3038267500291 481
1607827295273 391.76668960551996 482
1607827295275 391.1831605080585 483
1607827295276 390.2029286607371 484
1607827295278 389.9493667790522 485
1607827295279 389.0927262980139 486
1607827295280 388.3708258142026 487
1607827295282 388.0147371684053 488
1607827295283 387.55913663777795 489
1607827295285 387.04419806807925 490
1607827295286 386.46090887476606 491
1607827295288 385.7944525872028 492
1607827295289 385.0095323652824 493
1607827295290 384.1156791862651 494
1607827295292 383.4767090093587 495
1607827295293 382.5965619826614 496
1607827295294 381.91056722818934 497
1607827295296 380.7538717262655 498
1607827295297 380.41516101874396 499
1607827295299 379.76083412794753 500
1607827295300 379.0682706915223 501
1607827295302 378.73381082406405 502
1607827295303 377.84248409259857 503
1607827295305 377.1214045439427 504
1607827295306 376.67524370931324 505
1607827295307 376.0636072223186 506
1607827295309 374.8912492464797 507
1607827295310 374.06533762039606 508
1607827295311 373.54813334122645 509
1607827295313 373.1503864463878 510
1607827295314 372.4768621164549 511
1607827295316 371.9588690035356 512
1607827295317 370.70157379187646 513
1607827295319 370.01729789642025 514
1607827295320 369.18677240367737 515
1607827295322 368.05368403673066 516
1607827295323 367.63037338976517 517
1607827295324 366.53170034108103 518
1607827295326 365.6035362322839 519
1607827295327 364.53416249466335 520
1607827295329 363.8584595317997 521
1607827295330 362.99222393103713 522
1607827295331 362.3385873681333 523
1607827295333 362.04430080900676 524
1607827295334 360.410063487789 525
1607827295336 360.15683544994664 526
1607827295337 359.47715925689505 527
1607827295338 359.21823158642064 528
1607827295340 357.8589636506048 529
1607827295341 357.15896724429854 530
1607827295343 357.006436924064 531
1607827295344 356.02053984401664 532
1607827295345 355.61063813724587 533
1607827295347 355.0780856452128 534
1607827295348 354.2766246359132 535
1607827295350 353.210251980292 536
1607827295351 352.8259022945022 537
1607827295352 352.38581974903013 538
1607827295354 351.917373029911 539
1607827295355 350.8345548991028 540
1607827295357 350.04280209508005 541
1607827295358 349.4353978379024 542
1607827295360 348.6346009768945 543
1607827295361 347.95874983537135 544
1607827295362 347.5909977076549 545
1607827295364 347.1373584547404 546
1607827295365 346.01450624228426 547
1607827295367 345.2849065511989 548
1607827295368 344.61558880011376 549
1607827295370 343.90288470243667 550
1607827295374 418.2428458726126 551
