1607827530684 1883.0675285806387 0
1607827530686 1862.7445498742027 1
1607827530688 1842.775968758079 2
1607827530690 1824.0421520497978 3
1607827530692 1805.3133404751397 4
1607827530693 1787.1327281289605 5
1607827530695 1768.2752080799382 6
1607827530696 1751.2040928183458 7
1607827530698 1734.1164108338155 8
1607827530699 1716.7448706265873 9
1607827530701 1700.7374504704712 10
1607827530702 1685.705817571798 11
1607827530703 1670.7207654536232 12
1607827530705 1656.4540561408116 13
1607827530706 1641.787372314679 14
1607827530708 1627.9688999099578 15
1607827530709 1615.461610085051 16
1607827530711 1602.6802604239256 17
1607827530712 1589.6956290923133 18
1607827530714 1577.482044601765 19
1607827530715 1565.1160199415983 20
1607827530716 1553.8965048807095 21
1607827530718 1542.8050547081743 22
1607827530719 1533.0383385405141 23
1607827530721 1521.6041707708778 24
1607827530722 1510.4203692708475 25
1607827530723 1499.0846398603228 26
1607827530725 1488.9344388455977 27
1607827530727 1478.3961762393849 28
1607827530728 1470.1643233163315 29
1607827530730 1459.1800029555006 30
1607827530731 1450.3725776677145 31
1607827530733 1441.6939051352256 32
1607827530734 1432.2692865036367 33
1607827530736 1424.833196186992 34
1607827530737 1417.97723305238 35
1607827530739 1410.1356681938576 36
1607827530741 1402.2946962825022 37
1607827530742 1393.9281279506695 38
1607827530744 1386.8317093160726 39
1607827530745 1378.958531807314 40
1607827530747 1372.1988366756768 41
1607827530748 1366.1355375325606 42
1607827530749 1359.7370177383166 43
1607827530751 1353.4092934316543 44
1607827530752 1347.1355017884084 45
1607827530754 1340.6259650711954 46
1607827530755 1333.6392595101754 47
1607827530757 1329.007958366571 48
1607827530758 1323.6320923690216 49
1607827530760 1316.1068537769122 50
1607827530761 1310.3873494477116 51
1607827530763 1305.2934145729034 52
1607827530764 1299.4546266177822 53
1607827530766 1293.4503252682919 54
1607827530767 1287.7980382282667 55
1607827530768 1281.7703442386603 56
1607827530770 1274.1747855198466 57
1607827530771 1268.7571490130763 58
1607827530773 1264.0887186787234 59
1607827530774 1258.5675468157747 60
1607827530776 1253.231342682235 61
1607827530777 1247.8336636945307 62
1607827530779 1242.4288259817956 63
1607827530780 1236.3375305097857 64
1607827530781 1232.4630407512986 65
1607827530783 1226.2335949978753 66
1607827530784 1222.183411716105 67
1607827530786 1218.9253764820387 68
1607827530787 1215.1413110626145 69
1607827530789 1210.8943753737124 70
1607827530790 1207.5641766932717 71
1607827530792 1202.1451832227863 72
1607827530793 1198.297343868515 73
1607827530794 1194.0244071233333 74
1607827530796 1189.4938449563583 75
1607827530797 1184.856927079943 76
1607827530799 1181.2264918920243 77
1607827530800 1178.6506235227419 78
1607827530802 1173.039086734015 79
1607827530803 1170.7858327066958 80
1607827530805 1166.5805005251148 81
1607827530806 1162.6446615691616 82
1607827530807 1158.5650072073342 83
1607827530809 1156.0926026785733 84
1607827530810 1152.4857403831043 85
1607827530812 1149.081802068344 86
1607827530813 1145.9571964146082 87
1607827530815 1142.4192781643894 88
1607827530816 1139.3586069495072 89
1607827530818 1135.2423892948518 90
1607827530819 1132.3049284808344 91
1607827530820 1128.3568559263886 92
1607827530822 1123.8326191603687 93
1607827530823 1120.7915492691236 94
1607827530825 1116.0981984488642 95
1607827530826 1113.0966930435854 96
1607827530828 1109.7007195713143 97
1607827530829 1107.080760411439 98
1607827530831 1104.5133953787083 99
1607827530832 1100.6375179280528 100
1607827530834 1096.8728209227547 101
1607827530835 1093.5615879756513 102
1607827530836 1089.3373940511813 103
1607827530838 1085.8554183657916 104
1607827530839 1082.3354721351682 105
1607827530841 1081.1175268791098 106
1607827530842 1080.087828330106 107
1607827530844 1076.627715336764 108
1607827530845 1073.9488535114122 109
1607827530847 1071.7576840543268 110
1607827530848 1067.4062660455504 111
1607827530849 1063.8720996420334 112
1607827530851 1060.6209756116568 113
1607827530852 1059.1649365171409 114
1607827530854 1057.0949873563059 115
1607827530855 1054.5818696552158 116
1607827530857 1052.1342456226862 117
1607827530858 1050.2172873641243 118
1607827530859 1047.964481286127 119
1607827530861 1046.2081811189082 120
1607827530863 1044.6264269652113 121
1607827530864 1042.848367104103 122
1607827530865 1040.0514939645882 123
1607827530867 1036.6980705602664 124
1607827530868 1034.9493358080686 125
1607827530870 1032.1592528179312 126
1607827530871 1029.9124536602474 127
1607827530873 1027.9300723206763 128
1607827530874 1024.082632348643 129
1607827530875 1021.3176961702945 130
1607827530877 1019.7357146418731 131
1607827530879 1017.987187697274 132
1607827530880 1016.6064862190179 133
1607827530881 1014.5764266914748 134
1607827530883 1013.114944470767 135
1607827530884 1011.4801812165455 136
1607827530886 1009.8492879884989 137
1607827530887 1008.7234528481576 138
1607827530889 1007.1598520286001 139
1607827530890 1005.0365183768597 140
1607827530892 1002.9054925024207 141
1607827530893 1001.2409581210724 142
1607827530894 998.389356398904 143
1607827530896 996.8186029299948 144
1607827530897 995.7092988474108 145
1607827530899 993.5684145343376 146
1607827530901 990.2931418054419 147
1607827530902 988.9074303405937 148
1607827530904 986.398261149521 149
1607827530905 985.0217049291202 150
1607827530907 983.5292324596545 151
1607827530908 982.4056108600248 152
1607827530910 981.3584039322499 153
1607827530911 979.5045128014016 154
1607827530913 977.8488341404748 155
1607827530914 975.0960351341676 156
1607827530915 973.4104247545614 157
1607827530917 971.1751442843333 158
1607827530918 969.3487309374173 159
1607827530920 968.4690485257632 160
1607827530921 967.4037746213949 161
1607827530923 966.3839499821672 162
1607827530924 965.2494635734255 163
1607827530926 963.2887539450244 164
1607827530927 961.4286573330028 165
1607827530929 960.0493923819402 166
1607827530930 958.5026746308455 167
1607827530931 955.709293299701 168
1607827530933 954.7897589896426 169
1607827530934 952.7943061232122 170
1607827530936 951.4580610923023 171
1607827530937 949.2182863028333 172
1607827530939 947.9979153098202 173
1607827530940 946.8863805598384 174
1607827530942 945.6950091927555 175
1607827530943 943.4064220614778 176
1607827530945 942.0082678965659 177
1607827530946 939.9524985106704 178
1607827530947 938.0883795810926 179
1607827530949 935.1732865842265 180
1607827530950 934.2796994532443 181
1607827530952 932.7697704681691 182
1607827530953 931.7356080613085 183
1607827530955 930.165053421958 184
1607827530956 927.2851115982121 185
1607827530958 926.104439817676 186
1607827530959 925.2875413662091 187
1607827530960 924.6863681370495 188
1607827530962 921.8121817031122 189
1607827530963 921.2694613015202 190
1607827530965 920.1227762739172 191
1607827530966 918.8637090666977 192
1607827530968 917.6878569196626 193
1607827530969 916.0431937504015 194
1607827530971 913.806954425408 195
1607827530972 912.5803253879365 196
1607827530974 910.9224383357737 197
1607827530975 909.9236774439756 198
1607827530976 907.6571140644869 199
1607827530978 905.6219070874185 200
1607827530979 902.9900911905172 201
1607827530981 901.6205832849942 202
1607827530982 900.1341950567396 203
1607827530984 899.1685000765684 204
1607827530985 897.8570951480625 205
1607827530987 896.7756723665044 206
1607827530988 894.1647729778564 207
1607827530990 893.2007994980704 208
1607827530991 892.1424094072676 209
1607827530993 890.8247196240144 210
1607827530994 889.4468950948147 211
1607827530995 887.8920379263722 212
1607827530997 886.4548138092665 213
1607827530999 884.5389230032437 214
1607827531000 883.5120000593791 215
1607827531002 881.1958068865297 216
1607827531003 879.5008879588129 217
1607827531004 876.2635465815918 218
1607827531006 875.4505466956793 219
1607827531007 873.1570338498026 220
1607827531009 871.1073545735265 221
1607827531010 869.9073839564956 222
1607827531012 869.4688247787903 223
1607827531013 868.5727640069973 224
1607827531015 866.9573041769711 225
1607827531016 865.8525561186019 226
1607827531018 864.7394796908588 227
1607827531019 863.2944312535484 228
1607827531021 862.5819074963437 229
1607827531022 861.7420636754928 230
1607827531023 860.7525546729983 231
1607827531025 858.698086488464 232
1607827531026 856.6105619218624 233
1607827531028 855.2325597344811 234
1607827531029 854.0149293435014 235
1607827531031 853.2705657986922 236
1607827531032 850.9780429245976 237
1607827531034 848.6979190484182 238
1607827531035 847.3735742319332 239
1607827531037 845.9233437832612 240
1607827531038 843.930907976353 241
1607827531039 842.9082220603063 242
1607827531041 841.9468247631476 243
1607827531042 841.0891064719563 244
1607827531044 840.6072637254807 245
1607827531045 839.4789043127314 246
1607827531047 837.8962383076398 247
1607827531048 836.8483339259534 248
1607827531050 835.7348753400169 249
1607827531051 833.9963978316586 250
1607827531053 832.8629957732056 251
1607827531054 831.3410023092815 252
1607827531056 830.5201379883501 253
1607827531057 828.7046000445523 254
1607827531058 826.6717740658902 255
1607827531060 825.8520245114229 256
1607827531061 825.0180131163717 257
1607827531063 824.2603019495667 258
1607827531064 823.5772432847969 259
1607827531066 822.7983025253818 260
1607827531067 821.7663701874941 261
1607827531068 819.5594143905574 262
1607827531070 817.9650931941281 263
1607827531071 816.7008974251177 264
1607827531073 815.7529615635091 265
1607827531074 815.0129805243199 266
1607827531076 812.7944285073527 267
1607827531077 810.7370551189051 268
1607827531079 809.1979103888658 269
1607827531080 807.8882303291986 270
1607827531082 806.8900068562463 271
1607827531083 806.2583590803156 272
1607827531084 804.2540648145986 273
1607827531086 803.4175625318873 274
1607827531087 802.36676149128 275
1607827531089 801.3479540323631 276
1607827531090 800.5973561793605 277
1607827531092 799.0360171679242 278
1607827531093 797.5037294850448 279
1607827531094 795.7451399791478 280
1607827531096 795.2796976399044 281
1607827531097 794.345677111632 282
1607827531099 792.7412010753985 283
1607827531100 791.0343993245835 284
1607827531102 790.3495630841327 285
1607827531103 789.4447153783326 286
1607827531105 788.8811264301588 287
1607827531106 788.0390061997416 288
1607827531108 787.1617189475218 289
1607827531109 786.5880332065616 290
1607827531110 784.8549474725417 291
1607827531112 782.6721559433629 292
1607827531113 781.4878589253482 293
1607827531115 779.2765345526955 294
1607827531116 778.3692100030848 295
1607827531118 775.7340384591844 296
1607827531119 775.1051750726482 297
1607827531121 774.3794118300228 298
1607827531122 774.0160849648723 299
1607827531123 773.4072201440191 300
1607827531125 772.05981421828 301
1607827531126 770.4820531342897 302
1607827531128 769.4024885125572 303
1607827531129 767.14106288792 304
1607827531131 766.1821885717889 305
1607827531132 765.1793664310111 306
1607827531133 763.9803914141526 307
1607827531135 763.2220892377111 308
1607827531136 761.5045108064459 309
1607827531138 760.9307954440814 310
1607827531139 759.3714052790093 311
1607827531141 758.2534056984354 312
1607827531142 756.9817496950901 313
1607827531144 756.0317630997472 314
1607827531145 754.3358734572095 315
1607827531147 753.6741994935495 316
1607827531148 753.2471125926098 317
1607827531149 751.6221644119748 318
1607827531151 750.4319463683989 319
1607827531152 749.406294663119 320
1607827531154 748.8452974482112 321
1607827531155 747.7179686564807 322
1607827531157 747.1098266362283 323
1607827531158 745.3404705160243 324
1607827531159 743.8944819534416 325
1607827531161 743.0127344877768 326
1607827531162 740.7553810677879 327
1607827531164 739.6332540878874 328
1607827531165 739.2021397965834 329
1607827531167 737.8106817509254 330
1607827531168 737.309228549326 331
1607827531170 736.5228488637837 332
1607827531171 735.1583238087144 333
1607827531173 734.0939181377489 334
1607827531174 732.0504145395711 335
1607827531175 730.7129699950987 336
1607827531177 729.8471058878617 337
1607827531178 728.4669919068366 338
1607827531180 727.388459440689 339
1607827531181 726.229640407044 340
1607827531183 725.4544150833302 341
1607827531184 724.0991920387131 342
1607827531186 722.2628349392562 343
1607827531187 720.3547841752184 344
1607827531188 718.9390660789257 345
1607827531190 717.4172924849997 346
1607827531191 716.4421893330253 347
1607827531193 714.592793088866 348
1607827531194 713.4772236333558 349
1607827531196 711.2239704762395 350
1607827531197 709.3049956595564 351
1607827531199 708.6798126991347 352
1607827531200 707.8304954161172 353
1607827531201 706.3476536220272 354
1607827531203 705.9209631647168 355
1607827531204 705.1362667489171 356
1607827531206 704.0413274557525 357
1607827531207 702.7491462582994 358
1607827531209 701.5484585400649 359
1607827531210 700.2934376570086 360
1607827531211 700.0188885725089 361
1607827531213 699.0241764805343 362
1607827531214 698.4960074684226 363
1607827531216 697.6628796325954 364
1607827531217 697.1161355717422 365
1607827531219 696.559107320186 366
1607827531220 695.491316902011 367
1607827531221 693.8585721733813 368
1607827531223 692.2007638329263 369
1607827531224 690.7158541965749 370
1607827531226 689.5204335703332 371
1607827531227 688.0069289873409 372
1607827531229 686.9802684715356 373
1607827531230 685.2998287011586 374
1607827531231 684.7085826063608 375
1607827531233 683.776577977587 376
1607827531234 682.9142811866716 377
1607827531236 680.4117214743094 378
1607827531237 679.3018487774931 379
1607827531239 677.5890801645127 380
1607827531241 676.1873148900188 381
1607827531242 675.416457089977 382
1607827531243 674.4340170986736 383
1607827531245 673.5329233194167 384
1607827531246 672.8174164716871 385
1607827531248 671.8720327531205 386
1607827531249 671.2044711985312 387
1607827531251 669.8211841951198 388
1607827531252 668.4882877628393 389
1607827531254 667.3547598663632 390
1607827531255 666.0333442619326 391
1607827531257 664.861616768023 392
1607827531258 663.9148064282414 393
1607827531260 662.8782908207936 394
1607827531261 661.9563531175572 395
1607827531263 661.0282539967427 396
1607827531264 660.5257726728802 397
1607827531265 659.854534364968 398
1607827531267 659.1875041805735 399
1607827531268 657.6202575493267 400
1607827531270 656.3856935027594 401
1607827531271 655.407696673855 402
1607827531273 652.33302613497 403
1607827531274 650.6179913005838 404
1607827531275 649.9596999031368 405
1607827531277 649.4349231476563 406
1607827531278 648.7040337940083 407
1607827531280 647.7775263589673 408
1607827531281 647.1609959987343 409
1607827531283 645.8739488696124 410
1607827531284 644.539733511508 411
1607827531286 643.366001309529 412
1607827531287 641.9238447507033 413
1607827531288 641.1022848404838 414
1607827531290 639.8945992152159 415
1607827531291 638.8294521996503 416
1607827531293 638.0991782962533 417
1607827531294 636.9867944822739 418
1607827531296 636.0225059031518 419
1607827531297 635.1027031820987 420
1607827531299 634.0470738913385 421
1607827531300 633.4056972298551 422
1607827531302 632.8201788725537 423
1607827531303 631.8124607631943 424
1607827531304 631.353055621828 425
1607827531306 630.8456545534191 426
1607827531307 629.987282969555 427
1607827531309 629.2906058033458 428
1607827531310 628.1427136277066 429
1607827531312 627.2680340353311 430
1607827531313 626.2563946754211 431
1607827531314 625.6936403916045 432
1607827531316 624.5531817840719 433
1607827531317 623.9202523534457 434
1607827531319 623.2983038366824 435
1607827531320 622.029393458341 436
1607827531322 621.5025909498561 437
1607827531323 620.0579398938147 438
1607827531325 618.9046796901468 439
1607827531327 618.5256062589968 440
1607827531328 618.156750655089 441
1607827531330 617.1587800786797 442
1607827531331 616.3036191954943 443
1607827531333 615.1989315194127 444
1607827531334 614.2167186863273 445
1607827531336 612.740165225339 446
1607827531337 611.4752921144715 447
1607827531339 610.7030919091561 448
1607827531340 609.6824435998043 449
1607827531341 608.5318403921328 450
1607827531343 607.3173032950117 451
1607827531344 606.7012316334284 452
1607827531346 604.5315795015442 453
1607827531347 603.8463792433281 454
1607827531349 603.2046502703887 455
1607827531350 602.662788047141 456
1607827531352 600.921637269292 457
1607827531353 599.9719953889673 458
1607827531355 599.4442452672005 459
1607827531356 599.0120203440051 460
1607827531358 597.746491241691 461
1607827531359 596.2576118573858 462
1607827531360 595.8040436217752 463
1607827531362 594.6535828507356 464
1607827531363 594.019824781172 465
1607827531365 593.0762385346789 466
1607827531366 592.366589273461 467
1607827531368 590.8444753940663 468
1607827531369 590.2559003841717 469
1607827531371 589.6369386428365 470
1607827531372 588.2548396730057 471
1607827531374 587.6988325266198 472
1607827531375 586.8112616414966 473
1607827531377 586.3247384425767 474
1607827531378 585.6861697731179 475
1607827531380 584.4642868131459 476
1607827531381 583.4284964860741 477
1607827531382 582.5470963259828 478
1607827531384 582.0981777751517 479
1607827531385 581.2870700860439 480
1607827531387 580.3940303479342 481
1607827531388 579.9420888385819 482
1607827531390 579.0549812104807 483
1607827531391 578.5530175858232 484
1607827531393 578.190940561458 485
1607827531394 577.3422152075427 486
1607827531396 575.9481527644417 487
1607827531397 574.4144798131586 488
1607827531399 573.434024061905 489
1607827531400 573.0849371660853 490
1607827531402 572.3446078702955 491
1607827531403 571.93529308667 492
1607827531404 571.3710095407754 493
1607827531406 571.0379207388283 494
1607827531407 570.5570833321758 495
1607827531409 569.1810273616115 496
1607827531410 568.3276883145669 497
1607827531412 567.9910934425138 498
1607827531413 567.3985119190855 499
1607827531415 567.2165043005189 500
1607827531416 566.5908867663196 501
1607827531418 565.9089730166158 502
1607827531419 565.1737793284586 503
1607827531421 564.6127613957096 504
1607827531422 563.8200977692866 505
1607827531423 563.4147491557193 506
1607827531425 562.8081401669855 507
1607827531426 561.4187919260742 508
1607827531428 561.0695686784563 509
1607827531429 560.82993615825 510
1607827531431 560.5624788614259 511
1607827531432 560.0293817216149 512
1607827531434 559.1332973359082 513
1607827531435 558.0027762307817 514
1607827531437 557.082492651368 515
1607827531438 556.3525837805463 516
1607827531440 556.0418805138463 517
1607827531441 554.4688923373831 518
1607827531443 553.6858934710317 519
1607827531444 552.226844282402 520
1607827531446 551.5137005672426 521
1607827531447 550.5769998248373 522
1607827531448 549.9722882878006 523
1607827531450 549.3296534634248 524
1607827531451 548.1339051480275 525
1607827531453 547.0019693089326 526
1607827531454 546.3057215922173 527
1607827531456 545.2144866772702 528
1607827531457 544.202832261764 529
1607827531459 543.4810466851969 530
1607827531460 542.6321907623652 531
1607827531462 541.8455542111716 532
1607827531463 540.661813904035 533
1607827531464 540.3190080914247 534
1607827531466 539.8279717366619 535
1607827531467 539.2030458175467 536
1607827531469 538.5078590406628 537
1607827531470 538.2921688985103 538
1607827531472 536.9932075794036 539
1607827531473 536.3819552085849 540
1607827531474 535.1483699245366 541
1607827531476 534.1113442204631 542
1607827531477 533.329237472697 543
1607827531479 532.1625365958689 544
1607827531480 531.2330237198278 545
1607827531484 614.2167186863273 546
