1607827327992 1930.215101675778 0
1607827327994 1896.4681329790235 1
1607827327996 1861.7753828553298 2
1607827327998 1831.8803092968303 3
1607827327999 1800.588258447089 4
1607827328001 1769.5189893815416 5
1607827328003 1741.1110060184094 6
1607827328004 1714.2157269507977 7
1607827328006 1688.495656295156 8
1607827328007 1665.8888063478532 9
1607827328008 1644.3864151922885 10
1607827328010 1621.728983164789 11
1607827328011 1600.1351495045387 12
1607827328013 1579.189833786385 13
1607827328014 1560.856005328685 14
1607827328015 1542.7906868973396 15
1607827328017 1523.3697859118636 16
1607827328018 1506.4093458522543 17
1607827328020 1487.975164797586 18
1607827328021 1474.9151892993439 19
1607827328022 1457.993961883196 20
1607827328024 1445.657165667448 21
1607827328025 1432.5428200061956 22
1607827328027 1419.8527880538975 23
1607827328028 1407.7379027415861 24
1607827328030 1392.3996594516614 25
1607827328031 1378.8953015489324 26
1607827328033 1363.7547761148135 27
1607827328034 1352.9333134817318 28
1607827328035 1337.7493113428743 29
1607827328037 1325.855267673004 30
1607827328038 1314.0763367925736 31
1607827328040 1303.1811331121248 32
1607827328041 1293.2637162388382 33
1607827328042 1284.1624390340094 34
1607827328044 1271.3749124770459 35
1607827328045 1261.928922079464 36
1607827328047 1253.1304878128203 37
1607827328048 1244.7081505270587 38
1607827328050 1236.2075548335947 39
1607827328051 1229.1205996149624 40
1607827328052 1220.122724254511 41
1607827328054 1213.0945599846875 42
1607827328055 1201.1514246879508 43
1607827328057 1194.052121759703 44
1607827328058 1186.2145933601723 45
1607827328059 1177.152918970242 46
1607827328061 1170.7422509972705 47
1607827328062 1162.5436338870466 48
1607827328063 1155.7191827280815 49
1607827328065 1146.7777476055367 50
1607827328066 1140.2923392963646 51
1607827328067 1132.9193074738857 52
1607827328069 1127.4448301508871 53
1607827328070 1121.2946335120598 54
1607827328072 1113.4089148708476 55
1607827328073 1106.6983639274792 56
1607827328074 1098.4793083812804 57
1607827328076 1093.3108594422292 58
1607827328077 1086.665170712453 59
1607827328078 1082.8586522729458 60
1607827328080 1079.5851900220457 61
1607827328081 1075.2878475497544 62
1607827328082 1071.4806116275101 63
1607827328084 1067.3279339124415 64
1607827328085 1061.20879875986 65
1607827328087 1057.4804451016587 66
1607827328088 1053.6649138417017 67
1607827328089 1051.6170537896653 68
1607827328091 1049.6188878690707 69
1607827328092 1044.4266765008447 70
1607827328093 1042.8894014697441 71
1607827328095 1038.7022719111774 72
1607827328096 1036.7906757295968 73
1607827328097 1032.4407658664802 74
1607827328099 1028.248806126497 75
1607827328100 1025.4092853356133 76
1607827328101 1019.3604040960022 77
1607827328103 1017.3714114655894 78
1607827328104 1013.321471111148 79
1607827328106 1009.3396702940807 80
1607827328107 1005.2153112535958 81
1607827328108 1001.2400077700559 82
1607827328110 998.4695916819772 83
1607827328111 993.050363815283 84
1607827328112 990.419961558022 85
1607827328114 984.3241762859681 86
1607827328115 980.6466257051577 87
1607827328117 976.1122871977136 88
1607827328118 973.1914647201329 89
1607827328119 970.2750557670396 90
1607827328121 967.8332516922974 91
1607827328122 966.3580973658748 92
1607827328123 963.4309826128679 93
1607827328125 960.0147789961708 94
1607827328126 957.7731924103541 95
1607827328127 953.3782230771061 96
1607827328129 949.8115563100571 97
1607827328130 948.3964521815884 98
1607827328131 942.5132197289172 99
1607827328133 938.806710792783 100
1607827328134 935.3966332287022 101
1607827328136 932.9088512849859 102
1607827328137 929.9066071460326 103
1607827328138 927.0633336042023 104
1607827328140 924.3336661951802 105
1607827328141 921.5414358446851 106
1607827328142 919.261356499583 107
1607827328144 913.1968334330046 108
1607827328145 911.7787144323923 109
1607827328146 908.5552019525435 110
1607827328148 905.8237468453706 111
1607827328149 903.045032064534 112
1607827328150 898.0381351846255 113
1607827328152 895.77219921172 114
1607827328153 894.030519403635 115
1607827328155 890.2381324438422 116
1607827328156 886.9386962563989 117
1607827328158 886.0035751573517 118
1607827328159 883.6065599617186 119
1607827328160 880.8755239307105 120
1607827328162 878.6666317498342 121
1607827328163 873.5857483326046 122
1607827328164 872.1299520535379 123
1607827328166 870.4060852851592 124
1607827328167 868.8090934417262 125
1607827328169 867.2546189619637 126
1607827328170 863.5786745462249 127
1607827328171 861.8132074108007 128
1607827328173 858.0997461717523 129
1607827328174 854.249767992811 130
1607827328175 851.8214619716049 131
1607827328177 850.3195123209545 132
1607827328178 847.4069550531625 133
1607827328180 845.1936614368368 134
1607827328181 842.736292988761 135
1607827328182 841.3218623313319 136
1607827328184 840.01667825623 137
1607827328185 835.243727456233 138
1607827328186 832.0964580824186 139
1607827328188 829.9079482050937 140
1607827328189 827.1522016679304 141
1607827328190 824.1183162349058 142
1607827328192 821.4531654455566 143
1607827328193 819.4610811566603 144
1607827328195 817.9793834071385 145
1607827328196 815.7514012976843 146
1607827328197 813.5113206778976 147
1607827328199 810.8934427053528 148
1607827328200 809.1936111449915 149
1607827328201 808.262850420909 150
1607827328203 805.0227717009246 151
1607827328204 803.0436111049013 152
1607827328206 802.3411161010339 153
1607827328207 800.4226618092308 154
1607827328208 796.5317886893674 155
1607827328210 793.5303594972199 156
1607827328211 791.8680226778699 157
1607827328212 789.9708988234808 158
1607827328214 787.0160716298049 159
1607827328215 785.8373334477428 160
1607827328216 784.7967191510463 161
1607827328218 782.8919272391678 162
1607827328219 780.7336571997195 163
1607827328221 778.9659706664254 164
1607827328222 776.9005736454054 165
1607827328223 775.0175212053197 166
1607827328225 773.3535798725434 167
1607827328226 771.4689096757171 168
1607827328227 769.7001508424315 169
1607827328229 767.1696137754572 170
1607827328230 764.2975872686911 171
1607827328232 762.8899798972653 172
1607827328233 761.3432571607631 173
1607827328234 759.1614468212975 174
1607827328236 757.0290139765776 175
1607827328237 756.3676617086832 176
1607827328238 754.3175600047325 177
1607827328240 752.7236109136547 178
1607827328241 748.6975711893107 179
1607827328242 744.7729406134765 180
1607827328244 741.4872851347492 181
1607827328245 740.0540357536547 182
1607827328247 738.7659133383173 183
1607827328248 736.1089152183375 184
1607827328249 734.5413634025142 185
1607827328251 732.389047577588 186
1607827328252 730.7765874130795 187
1607827328253 729.078561890576 188
1607827328255 727.7636801062825 189
1607827328256 725.3573681426477 190
1607827328258 722.9604737941143 191
1607827328259 721.7772916658836 192
1607827328260 718.8210306627097 193
1607827328262 717.3957411534077 194
1607827328263 716.8772259976778 195
1607827328264 713.9632926294304 196
1607827328266 713.3089162614896 197
1607827328267 712.1036927653896 198
1607827328268 710.4824586897115 199
1607827328270 709.6435592873249 200
1607827328271 708.0087148712589 201
1607827328273 706.1432047937578 202
1607827328274 704.4347490585607 203
1607827328275 702.9238089488571 204
1607827328277 702.1934868274498 205
1607827328278 701.0440748927674 206
1607827328282 921.5414358446851 207
