1607828096312 1883.0675285806387 0
1607828096315 1862.7445498742027 1
1607828096316 1842.775968758079 2
1607828096318 1824.0421520497978 3
1607828096320 1805.3133404751397 4
1607828096322 1787.132728128961 5
1607828096324 1768.2752080799382 6
1607828096325 1751.2040928183455 7
1607828096326 1734.116410833816 8
1607828096328 1716.7448706265873 9
1607828096330 1700.7374504704712 10
1607828096331 1685.705817571798 11
1607828096332 1670.7207654536237 12
1607828096334 1656.4540561408116 13
1607828096335 1641.7873723146793 14
1607828096336 1627.9688999099578 15
1607828096338 1615.4616100850508 16
1607828096339 1602.6802604239258 17
1607828096341 1589.6956290923135 18
1607828096342 1577.4820446017648 19
1607828096344 1565.1160199415983 20
1607828096346 1553.8965048807095 21
1607828096347 1542.805054708174 22
1607828096349 1533.0383385405141 23
1607828096351 1521.6041707708778 24
1607828096352 1510.4203692708475 25
1607828096354 1499.0846398603228 26
1607828096355 1488.9344388455977 27
1607828096357 1478.3961762393847 28
1607828096358 1470.1643233163315 29
1607828096360 1459.1800029555006 30
1607828096361 1450.3725776677145 31
1607828096362 1441.6939051352256 32
1607828096364 1432.269286503637 33
1607828096365 1424.8331961869917 34
1607828096367 1417.9772330523797 35
1607828096368 1410.1356681938576 36
1607828096370 1402.2946962825024 37
1607828096371 1393.9281279506695 38
1607828096373 1386.8317093160724 39
1607828096374 1378.9585318073143 40
1607828096375 1372.198836675677 41
1607828096377 1366.1355375325606 42
1607828096378 1359.7370177383164 43
1607828096380 1353.4092934316545 44
1607828096381 1347.1355017884082 45
1607828096383 1340.6259650711952 46
1607828096384 1333.6392595101754 47
1607828096386 1329.007958366571 48
1607828096387 1323.6320923690218 49
1607828096389 1316.1068537769122 50
1607828096390 1310.3873494477116 51
1607828096392 1305.2934145729034 52
1607828096393 1299.4546266177822 53
1607828096394 1293.4503252682919 54
1607828096396 1287.7980382282667 55
1607828096397 1281.7703442386603 56
1607828096399 1274.1747855198466 57
1607828096400 1268.7571490130763 58
1607828096402 1264.0887186787234 59
1607828096403 1258.5675468157747 60
1607828096404 1253.231342682235 61
1607828096406 1247.8336636945307 62
1607828096407 1242.4288259817956 63
1607828096409 1236.3375305097857 64
1607828096410 1232.4630407512986 65
1607828096412 1226.2335949978753 66
1607828096414 1222.183411716105 67
1607828096415 1218.9253764820387 68
1607828096416 1215.1413110626142 69
1607828096418 1210.8943753737121 70
1607828096419 1207.5641766932717 71
1607828096421 1202.1451832227863 72
1607828096422 1198.297343868515 73
1607828096424 1194.024407123333 74
1607828096425 1189.4938449563585 75
1607828096427 1184.8569270799433 76
1607828096428 1181.2264918920243 77
1607828096430 1178.6506235227419 78
1607828096431 1173.039086734015 79
1607828096432 1170.7858327066958 80
1607828096434 1166.5805005251148 81
1607828096435 1162.6446615691616 82
1607828096437 1158.5650072073342 83
1607828096438 1156.0926026785733 84
1607828096440 1152.4857403831043 85
1607828096441 1149.081802068344 86
1607828096443 1145.9571964146082 87
1607828096444 1142.4192781643894 88
1607828096446 1139.3586069495072 89
1607828096447 1135.2423892948518 90
1607828096450 1132.3049284808344 91
1607828096451 1128.3568559263886 92
1607828096453 1123.8326191603687 93
1607828096454 1120.7915492691236 94
1607828096456 1116.0981984488642 95
1607828096457 1113.0966930435857 96
1607828096458 1109.7007195713143 97
1607828096460 1107.080760411439 98
1607828096461 1104.5133953787085 99
1607828096463 1100.6375179280526 100
1607828096464 1096.8728209227547 101
1607828096466 1093.5615879756513 102
1607828096467 1089.3373940511813 103
1607828096469 1085.8554183657916 104
1607828096470 1082.3354721351682 105
1607828096471 1081.1175268791098 106
1607828096473 1080.0878283301063 107
1607828096474 1076.627715336764 108
1607828096476 1073.9488535114122 109
1607828096477 1071.7576840543268 110
1607828096479 1067.4062660455504 111
1607828096480 1063.8720996420334 112
1607828096482 1060.6209756116568 113
1607828096483 1059.1649365171409 114
1607828096484 1057.0949873563059 115
1607828096486 1054.5818696552158 116
1607828096487 1052.1342456226862 117
1607828096489 1050.2172873641243 118
1607828096490 1047.964481286127 119
1607828096492 1046.2081811189082 120
1607828096493 1044.6264269652113 121
1607828096495 1042.848367104103 122
1607828096496 1040.0514939645882 123
1607828096497 1036.6980705602664 124
1607828096499 1034.9493358080683 125
1607828096500 1032.1592528179312 126
1607828096502 1029.9124536602474 127
1607828096503 1027.9300723206763 128
1607828096505 1024.082632348643 129
1607828096506 1021.3176961702945 130
1607828096508 1019.7357146418731 131
1607828096509 1017.987187697274 132
1607828096511 1016.6064862190179 133
1607828096512 1014.5764266914748 134
1607828096514 1013.114944470767 135
1607828096515 1011.4801812165455 136
1607828096517 1009.8492879884989 137
1607828096518 1008.7234528481575 138
1607828096520 1007.1598520286001 139
1607828096521 1005.0365183768596 140
1607828096523 1002.9054925024208 141
1607828096524 1001.2409581210724 142
1607828096526 998.389356398904 143
1607828096527 996.8186029299948 144
1607828096529 995.7092988474108 145
1607828096530 993.5684145343376 146
1607828096531 990.293141805442 147
1607828096533 988.9074303405936 148
1607828096534 986.3982611495209 149
1607828096536 985.0217049291202 150
1607828096537 983.5292324596546 151
1607828096539 982.4056108600248 152
1607828096540 981.35840393225 153
1607828096542 979.5045128014016 154
1607828096543 977.8488341404748 155
1607828096544 975.0960351341674 156
1607828096546 973.4104247545614 157
1607828096548 971.1751442843336 158
1607828096550 969.3487309374173 159
1607828096551 968.4690485257632 160
1607828096553 967.4037746213949 161
1607828096554 966.3839499821675 162
1607828096556 965.2494635734255 163
1607828096557 963.2887539450244 164
1607828096559 961.4286573330027 165
1607828096560 960.0493923819402 166
1607828096562 958.5026746308455 167
1607828096563 955.709293299701 168
1607828096564 954.7897589896426 169
1607828096566 952.7943061232122 170
1607828096567 951.4580610923023 171
1607828096569 949.2182863028333 172
1607828096570 947.9979153098202 173
1607828096572 946.8863805598384 174
1607828096573 945.6950091927556 175
1607828096575 943.4064220614779 176
1607828096576 942.0082678965659 177
1607828096577 939.9524985106704 178
1607828096579 938.0883795810926 179
1607828096580 935.1732865842265 180
1607828096582 934.2796994532442 181
1607828096583 932.7697704681691 182
1607828096585 931.7356080613085 183
1607828096586 930.1650534219579 184
1607828096588 927.285111598212 185
1607828096589 926.1044398176759 186
1607828096590 925.2875413662091 187
1607828096592 924.6863681370495 188
1607828096593 921.8121817031121 189
1607828096595 921.2694613015202 190
1607828096596 920.1227762739172 191
1607828096598 918.8637090666977 192
1607828096599 917.6878569196626 193
1607828096601 916.0431937504015 194
1607828096602 913.8069544254079 195
1607828096604 912.5803253879363 196
1607828096605 910.9224383357738 197
1607828096606 909.9236774439756 198
1607828096608 907.657114064487 199
1607828096609 905.6219070874184 200
1607828096611 902.9900911905172 201
1607828096612 901.6205832849942 202
1607828096614 900.1341950567395 203
1607828096616 899.1685000765682 204
1607828096617 897.8570951480626 205
1607828096618 896.7756723665045 206
1607828096620 894.1647729778564 207
1607828096621 893.2007994980703 208
1607828096623 892.1424094072677 209
1607828096624 890.8247196240144 210
1607828096626 889.4468950948149 211
1607828096627 887.8920379263722 212
1607828096629 886.4548138092666 213
1607828096630 884.5389230032438 214
1607828096632 883.5120000593791 215
1607828096633 881.1958068865297 216
1607828096634 879.5008879588129 217
1607828096636 876.2635465815916 218
1607828096637 875.4505466956793 219
1607828096639 873.1570338498026 220
1607828096640 871.1073545735265 221
1607828096642 869.9073839564956 222
1607828096643 869.4688247787903 223
1607828096645 868.5727640069973 224
1607828096646 866.9573041769711 225
1607828096649 865.8525561186019 226
1607828096651 864.7394796908588 227
1607828096653 863.2944312535484 228
1607828096655 862.5819074963438 229
1607828096656 861.7420636754928 230
1607828096658 860.7525546729983 231
1607828096659 858.698086488464 232
1607828096660 856.6105619218624 233
1607828096662 855.2325597344811 234
1607828096663 854.0149293435014 235
1607828096665 853.2705657986922 236
1607828096666 850.9780429245976 237
1607828096668 848.6979190484182 238
1607828096669 847.373574231933 239
1607828096670 845.9233437832612 240
1607828096672 843.9309079763528 241
1607828096673 842.9082220603063 242
1607828096675 841.9468247631474 243
1607828096676 841.0891064719563 244
1607828096678 840.6072637254808 245
1607828096679 839.4789043127314 246
1607828096680 837.8962383076398 247
1607828096682 836.8483339259534 248
1607828096683 835.7348753400169 249
1607828096685 833.9963978316586 250
1607828096686 832.8629957732056 251
1607828096688 831.3410023092815 252
1607828096689 830.5201379883501 253
1607828096691 828.7046000445523 254
1607828096692 826.6717740658903 255
1607828096694 825.8520245114227 256
1607828096695 825.0180131163717 257
1607828096696 824.2603019495668 258
1607828096698 823.5772432847969 259
1607828096699 822.7983025253818 260
1607828096701 821.7663701874941 261
1607828096702 819.5594143905574 262
1607828096704 817.9650931941281 263
1607828096705 816.7008974251178 264
1607828096707 815.752961563509 265
1607828096708 815.0129805243198 266
1607828096709 812.7944285073527 267
1607828096711 810.7370551189051 268
1607828096712 809.1979103888658 269
1607828096714 807.8882303291986 270
1607828096716 806.8900068562463 271
1607828096717 806.2583590803155 272
1607828096719 804.2540648145985 273
1607828096720 803.4175625318873 274
1607828096722 802.36676149128 275
1607828096723 801.3479540323631 276
1607828096725 800.5973561793606 277
1607828096726 799.0360171679242 278
1607828096728 797.5037294850448 279
1607828096729 795.7451399791479 280
1607828096731 795.2796976399044 281
1607828096732 794.3456771116321 282
1607828096734 792.7412010753985 283
1607828096735 791.0343993245834 284
1607828096737 790.3495630841328 285
1607828096738 789.4447153783326 286
1607828096740 788.8811264301588 287
1607828096741 788.0390061997416 288
1607828096743 787.1617189475215 289
1607828096744 786.5880332065616 290
1607828096746 784.8549474725417 291
1607828096747 782.6721559433629 292
1607828096750 781.4878589253483 293
1607828096751 779.2765345526955 294
1607828096752 778.369210003085 295
1607828096754 775.7340384591844 296
1607828096756 775.1051750726481 297
1607828096757 774.3794118300228 298
1607828096758 774.0160849648723 299
1607828096760 773.407220144019 300
1607828096761 772.0598142182802 301
1607828096763 770.4820531342896 302
1607828096764 769.4024885125573 303
1607828096766 767.14106288792 304
1607828096767 766.1821885717889 305
1607828096769 765.1793664310111 306
1607828096770 763.9803914141525 307
1607828096771 763.2220892377111 308
1607828096773 761.5045108064459 309
1607828096774 760.9307954440814 310
1607828096776 759.3714052790093 311
1607828096777 758.2534056984352 312
1607828096779 756.9817496950901 313
1607828096780 756.0317630997473 314
1607828096782 754.3358734572095 315
1607828096783 753.6741994935495 316
1607828096784 753.2471125926098 317
1607828096786 751.6221644119748 318
1607828096787 750.4319463683988 319
1607828096789 749.406294663119 320
1607828096790 748.8452974482112 321
1607828096792 747.7179686564807 322
1607828096793 747.1098266362281 323
1607828096795 745.3404705160243 324
1607828096796 743.8944819534416 325
1607828096797 743.0127344877768 326
1607828096799 740.7553810677879 327
1607828096800 739.6332540878874 328
1607828096802 739.2021397965832 329
1607828096803 737.8106817509254 330
1607828096805 737.309228549326 331
1607828096806 736.5228488637836 332
1607828096808 735.1583238087144 333
1607828096809 734.0939181377488 334
1607828096810 732.050414539571 335
1607828096812 730.7129699950988 336
1607828096813 729.8471058878617 337
1607828096815 728.4669919068366 338
1607828096817 727.3884594406892 339
1607828096818 726.2296404070439 340
1607828096820 725.4544150833302 341
1607828096821 724.0991920387132 342
1607828096823 722.2628349392562 343
1607828096824 720.3547841752185 344
1607828096825 718.9390660789257 345
1607828096827 717.4172924849998 346
1607828096828 716.4421893330252 347
1607828096830 714.592793088866 348
1607828096831 713.477223633356 349
1607828096833 711.2239704762396 350
1607828096834 709.3049956595565 351
1607828096836 708.6798126991347 352
1607828096837 707.8304954161172 353
1607828096838 706.3476536220273 354
1607828096840 705.9209631647168 355
1607828096841 705.1362667489171 356
1607828096843 704.0413274557526 357
1607828096844 702.7491462582994 358
1607828096846 701.5484585400648 359
1607828096847 700.2934376570086 360
1607828096850 700.0188885725088 361
1607828096851 699.0241764805344 362
1607828096853 698.4960074684227 363
1607828096854 697.6628796325954 364
1607828096856 697.1161355717423 365
1607828096857 696.559107320186 366
1607828096859 695.4913169020109 367
1607828096860 693.8585721733813 368
1607828096861 692.2007638329263 369
1607828096863 690.7158541965749 370
1607828096864 689.5204335703332 371
1607828096866 688.0069289873409 372
1607828096867 686.9802684715356 373
1607828096869 685.2998287011586 374
1607828096870 684.7085826063607 375
1607828096871 683.7765779775868 376
1607828096873 682.9142811866716 377
1607828096874 680.4117214743094 378
1607828096876 679.3018487774931 379
1607828096877 677.5890801645128 380
1607828096879 676.1873148900188 381
1607828096880 675.416457089977 382
1607828096881 674.4340170986736 383
1607828096883 673.5329233194167 384
1607828096884 672.8174164716871 385
1607828096886 671.8720327531205 386
1607828096887 671.2044711985312 387
1607828096889 669.8211841951199 388
1607828096891 668.4882877628393 389
1607828096892 667.3547598663632 390
1607828096893 666.0333442619325 391
1607828096895 664.861616768023 392
1607828096896 663.9148064282415 393
1607828096898 662.8782908207936 394
1607828096899 661.9563531175572 395
1607828096901 661.0282539967427 396
1607828096902 660.5257726728801 397
1607828096904 659.854534364968 398
1607828096905 659.1875041805735 399
1607828096907 657.6202575493267 400
1607828096908 656.3856935027594 401
1607828096910 655.4076966738548 402
1607828096911 652.3330261349699 403
1607828096913 650.6179913005836 404
1607828096914 649.9596999031368 405
1607828096915 649.4349231476563 406
1607828096917 648.7040337940083 407
1607828096919 647.7775263589674 408
1607828096920 647.1609959987343 409
1607828096922 645.8739488696125 410
1607828096923 644.539733511508 411
1607828096925 643.366001309529 412
1607828096926 641.9238447507033 413
1607828096928 641.1022848404837 414
1607828096929 639.8945992152159 415
1607828096931 638.8294521996503 416
1607828096932 638.0991782962533 417
1607828096933 636.986794482274 418
1607828096935 636.0225059031517 419
1607828096936 635.1027031820987 420
1607828096938 634.0470738913384 421
1607828096939 633.4056972298551 422
1607828096941 632.8201788725536 423
1607828096942 631.8124607631942 424
1607828096944 631.353055621828 425
1607828096945 630.845654553419 426
1607828096947 629.987282969555 427
1607828096948 629.2906058033458 428
1607828096951 628.1427136277067 429
1607828096952 627.2680340353311 430
1607828096954 626.2563946754211 431
1607828096955 625.6936403916046 432
1607828096957 624.553181784072 433
1607828096958 623.9202523534457 434
1607828096959 623.2983038366823 435
1607828096961 622.0293934583411 436
1607828096962 621.5025909498562 437
1607828096964 620.0579398938147 438
1607828096965 618.9046796901468 439
1607828096967 618.5256062589967 440
1607828096968 618.156750655089 441
1607828096969 617.1587800786797 442
1607828096971 616.3036191954943 443
1607828096972 615.1989315194127 444
1607828096974 614.2167186863273 445
1607828096975 612.7401652253391 446
1607828096977 611.4752921144715 447
1607828096978 610.703091909156 448
1607828096980 609.6824435998043 449
1607828096981 608.5318403921328 450
1607828096982 607.3173032950117 451
1607828096984 606.7012316334284 452
1607828096985 604.5315795015442 453
1607828096987 603.8463792433281 454
1607828096988 603.2046502703887 455
1607828096990 602.662788047141 456
1607828096991 600.921637269292 457
1607828096993 599.9719953889672 458
1607828096994 599.4442452672004 459
1607828096995 599.0120203440051 460
1607828096997 597.746491241691 461
1607828096998 596.2576118573858 462
1607828097000 595.8040436217752 463
1607828097001 594.6535828507356 464
1607828097003 594.0198247811719 465
1607828097004 593.0762385346789 466
1607828097006 592.366589273461 467
1607828097007 590.8444753940663 468
1607828097008 590.2559003841717 469
1607828097010 589.6369386428365 470
1607828097011 588.2548396730058 471
1607828097013 587.6988325266198 472
1607828097014 586.8112616414966 473
1607828097016 586.3247384425767 474
1607828097017 585.6861697731177 475
1607828097019 584.4642868131459 476
1607828097021 583.4284964860741 477
1607828097022 582.5470963259828 478
1607828097024 582.0981777751517 479
1607828097025 581.2870700860439 480
1607828097026 580.3940303479343 481
1607828097028 579.9420888385819 482
1607828097029 579.0549812104807 483
1607828097031 578.5530175858232 484
1607828097032 578.190940561458 485
1607828097034 577.3422152075427 486
1607828097035 575.9481527644417 487
1607828097037 574.4144798131584 488
1607828097038 573.434024061905 489
1607828097039 573.0849371660853 490
1607828097041 572.3446078702955 491
1607828097042 571.93529308667 492
1607828097044 571.3710095407754 493
1607828097045 571.0379207388283 494
1607828097047 570.5570833321757 495
1607828097048 569.1810273616114 496
1607828097051 568.3276883145669 497
1607828097052 567.9910934425138 498
1607828097054 567.3985119190855 499
1607828097055 567.2165043005189 500
1607828097057 566.5908867663197 501
1607828097058 565.9089730166158 502
1607828097059 565.1737793284586 503
1607828097061 564.6127613957096 504
1607828097062 563.8200977692865 505
1607828097064 563.4147491557192 506
1607828097065 562.8081401669855 507
1607828097069 561.418791926074 508
1607828097070 561.0695686784563 509
1607828097072 560.82993615825 510
1607828097074 560.5624788614259 511
1607828097075 560.0293817216149 512
1607828097076 559.1332973359082 513
1607828097078 558.0027762307817 514
1607828097079 557.0824926513679 515
1607828097081 556.3525837805463 516
1607828097082 556.0418805138463 517
1607828097084 554.4688923373831 518
1607828097085 553.6858934710317 519
1607828097086 552.226844282402 520
1607828097088 551.5137005672426 521
1607828097089 550.5769998248373 522
1607828097091 549.9722882878006 523
1607828097092 549.3296534634248 524
1607828097094 548.1339051480275 525
1607828097095 547.0019693089325 526
1607828097096 546.3057215922173 527
1607828097098 545.2144866772701 528
1607828097099 544.2028322617639 529
1607828097101 543.4810466851969 530
1607828097102 542.6321907623652 531
1607828097104 541.8455542111716 532
1607828097105 540.6618139040351 533
1607828097107 540.3190080914247 534
1607828097108 539.8279717366619 535
1607828097110 539.2030458175467 536
1607828097111 538.5078590406628 537
1607828097112 538.2921688985103 538
1607828097114 536.9932075794037 539
1607828097115 536.3819552085848 540
1607828097117 535.1483699245366 541
1607828097118 534.1113442204631 542
1607828097120 533.329237472697 543
1607828097122 532.1625365958689 544
1607828097123 531.2330237198278 545
1607828097127 614.2167186863273 546
