1607827311489 1927.6870886376437 0
1607827311491 1890.5490754061923 1
1607827311492 1854.7353114219761 2
1607827311494 1823.7702745547017 3
1607827311496 1794.094411711666 4
1607827311498 1764.092242810382 5
1607827311499 1736.5859768443022 6
1607827311501 1709.1996961018656 7
1607827311502 1685.9444934490505 8
1607827311504 1662.1790720674994 9
1607827311505 1642.1293158863828 10
1607827311506 1619.7444799672148 11
1607827311508 1598.2745130867136 12
1607827311509 1577.9119560253703 13
1607827311510 1562.4592740359776 14
1607827311512 1543.6239988277168 15
1607827311513 1524.7570471237068 16
1607827311514 1509.104371106194 17
1607827311516 1490.6596296463013 18
1607827311517 1476.640261472052 19
1607827311519 1461.143521501071 20
1607827311520 1445.9477090506853 21
1607827311522 1432.1238251244988 22
1607827311523 1421.628440072497 23
1607827311524 1408.7605481593891 24
1607827311526 1397.2164862934032 25
1607827311527 1385.5440492785324 26
1607827311528 1373.002588088484 27
1607827311530 1361.976536968797 28
1607827311531 1349.798438482276 29
1607827311532 1340.276441983101 30
1607827311534 1328.4566972101113 31
1607827311535 1316.6807218864074 32
1607827311537 1307.3374235027427 33
1607827311538 1295.8992556817516 34
1607827311540 1286.755299591981 35
1607827311541 1277.343042494529 36
1607827311542 1268.4870941775328 37
1607827311544 1261.3627886029021 38
1607827311545 1254.0246323315714 39
1607827311547 1246.4462207205772 40
1607827311548 1239.3870876727074 41
1607827311550 1232.8577255482783 42
1607827311551 1222.4450227362306 43
1607827311553 1212.8083766657762 44
1607827311554 1206.5507272853297 45
1607827311555 1202.841569797504 46
1607827311557 1195.7006752547375 47
1607827311558 1189.2454397178121 48
1607827311559 1182.3148966810938 49
1607827311561 1176.7523760658742 50
1607827311562 1172.2255021951933 51
1607827311564 1165.9789447202822 52
1607827311565 1162.5845481450874 53
1607827311566 1156.0610272012927 54
1607827311568 1149.8597225032645 55
1607827311569 1146.6903674537793 56
1607827311570 1143.947426372351 57
1607827311572 1138.1711163866232 58
1607827311573 1135.3481118753712 59
1607827311575 1130.7751877497467 60
1607827311576 1128.1593857202615 61
1607827311577 1122.2505643460545 62
1607827311579 1117.1954950743248 63
1607827311580 1113.021555687384 64
1607827311581 1107.9182601792352 65
1607827311583 1103.2252215367819 66
1607827311584 1096.4305128982203 67
1607827311585 1093.0686722967976 68
1607827311587 1089.1811469652866 69
1607827311588 1085.4508291919883 70
1607827311590 1081.1232869192645 71
1607827311591 1076.8259861778783 72
1607827311592 1071.374031705086 73
1607827311594 1069.7525530636158 74
1607827311595 1067.6227765707413 75
1607827311596 1063.84429913975 76
1607827311598 1058.8263013597368 77
1607827311599 1054.0303870040448 78
1607827311601 1050.0574579381448 79
1607827311602 1042.223424322071 80
1607827311604 1038.741589687434 81
1607827311605 1036.536981283092 82
1607827311606 1033.6119555001465 83
1607827311608 1030.3020190606 84
1607827311609 1026.2067083926745 85
1607827311611 1020.7579272300601 86
1607827311612 1017.9556190875126 87
1607827311613 1013.3247867569846 88
1607827311615 1009.4742121091807 89
1607827311616 1007.811051450384 90
1607827311618 1005.2315340105782 91
1607827311619 1001.783493894439 92
1607827311620 1000.3417033175182 93
1607827311622 997.957890543853 94
1607827311623 994.4580370434606 95
1607827311624 992.1235480025365 96
1607827311626 988.8654049488866 97
1607827311627 986.8389452807879 98
1607827311629 983.8155822497757 99
1607827311630 982.647562030826 100
1607827311631 977.3540185431972 101
1607827311633 975.2360675674855 102
1607827311634 971.4088945350466 103
1607827311636 968.3400102663671 104
1607827311637 965.4189319621584 105
1607827311639 961.769451463324 106
1607827311640 958.1626795282 107
1607827311641 955.6101592391017 108
1607827311643 951.7693249682269 109
1607827311644 946.3756611534207 110
1607827311645 945.1978652525463 111
1607827311647 941.320138058861 112
1607827311648 940.3317651283578 113
1607827311650 937.493108614034 114
1607827311651 935.6815818179406 115
1607827311652 933.206946033746 116
1607827311654 927.5173021438746 117
1607827311655 922.7651959145392 118
1607827311657 918.631364880033 119
1607827311658 915.997940300769 120
1607827311659 912.2925127209805 121
1607827311661 906.9624007862059 122
1607827311662 902.1339208543417 123
1607827311663 900.1340418477424 124
1607827311665 898.4116226082978 125
1607827311666 893.6288314014248 126
1607827311668 887.4316849140371 127
1607827311669 883.7350005529761 128
1607827311670 881.6375536549322 129
1607827311672 880.2604551138594 130
1607827311673 878.546651558967 131
1607827311674 874.2138021430795 132
1607827311676 872.7567873865738 133
1607827311677 870.5223144642595 134
1607827311679 866.7819662911918 135
1607827311680 865.1038277868518 136
1607827311681 862.7481830968741 137
1607827311683 861.8288356399377 138
1607827311684 859.649259540367 139
1607827311686 856.097625148998 140
1607827311687 851.7560561940614 141
1607827311688 848.8920214818166 142
1607827311690 846.7569735119698 143
1607827311691 844.9934320764463 144
1607827311692 840.9126255214239 145
1607827311694 839.2255635107722 146
1607827311695 835.5344895613321 147
1607827311697 832.0256756347513 148
1607827311698 830.2578245976106 149
1607827311699 826.9732602414099 150
1607827311701 825.7306169080484 151
1607827311702 824.243946024303 152
1607827311704 820.8314708465356 153
1607827311705 819.4158990348172 154
1607827311707 817.8048934077352 155
1607827311708 816.5193726854219 156
1607827311709 812.9074684373361 157
1607827311711 810.464401683984 158
1607827311712 807.5934498127506 159
1607827311714 802.6223764740259 160
1607827311715 800.2027005184449 161
1607827311717 798.6515304980255 162
1607827311718 796.8830368736149 163
1607827311719 794.7727761318839 164
1607827311721 792.5157003506873 165
1607827311722 789.6975473077741 166
1607827311724 787.396949637823 167
1607827311725 785.6651897498316 168
1607827311727 784.2259974277707 169
1607827311728 783.010574966045 170
1607827311729 780.286115734322 171
1607827311731 776.8487477116093 172
1607827311732 774.8753135478267 173
1607827311733 773.3018269688343 174
1607827311735 770.1662953524998 175
1607827311736 768.1165773989977 176
1607827311738 765.2707918668674 177
1607827311739 761.5199136570186 178
1607827311740 760.3055057889238 179
1607827311742 757.6125709460018 180
1607827311743 755.9167736093829 181
1607827311745 754.2736304107264 182
1607827311746 751.79470768296 183
1607827311747 749.3740560061265 184
1607827311749 746.8158049715573 185
1607827311750 743.116871275261 186
1607827311751 741.1098714337228 187
1607827311753 739.2396242928277 188
1607827311754 736.5898458561708 189
1607827311756 735.6478505086728 190
1607827311757 733.1978546013312 191
1607827311759 731.3905174957082 192
1607827311760 728.6543801952673 193
1607827311761 724.2623052786663 194
1607827311763 722.7621642849899 195
1607827311764 721.222272439588 196
1607827311765 718.3148857613063 197
1607827311767 716.6424575058395 198
1607827311768 712.3598487701242 199
1607827311770 710.9067968996044 200
1607827311771 708.8006761566909 201
1607827311772 707.1726983784437 202
1607827311774 704.6559882799473 203
1607827311775 703.0700861495634 204
1607827311777 701.7146151563741 205
1607827311778 701.2366580877549 206
1607827311782 961.769451463324 207
