1607827250305 1836.5516449214156 0
1607827250308 1806.191523775465 1
1607827250309 1773.2836175477128 2
1607827250311 1747.59995253288 3
1607827250313 1717.0988642822817 4
1607827250314 1689.5336581420804 5
1607827250316 1663.646666142632 6
1607827250317 1639.2380522109786 7
1607827250319 1618.351043670072 8
1607827250320 1598.3151055988865 9
1607827250321 1577.4128600398362 10
1607827250323 1557.8596745946097 11
1607827250324 1535.960958696134 12
1607827250325 1515.2492747191902 13
1607827250327 1498.0052945393122 14
1607827250328 1480.5432749173306 15
1607827250329 1464.8149520660722 16
1607827250331 1449.9903663687003 17
1607827250332 1436.093554754968 18
1607827250333 1421.7900820647048 19
1607827250335 1405.598890594242 20
1607827250336 1391.4680326305263 21
1607827250338 1379.9467246380107 22
1607827250339 1370.4323098611317 23
1607827250341 1357.239314369376 24
1607827250342 1346.5812442541726 25
1607827250344 1337.577040676944 26
1607827250345 1326.140581428616 27
1607827250346 1315.5676600321794 28
1607827250348 1304.8858377919446 29
1607827250349 1295.7223107699547 30
1607827250351 1287.3872482439235 31
1607827250352 1276.4992904904436 32
1607827250354 1265.1665909798496 33
1607827250355 1257.2999236699393 34
1607827250357 1251.089118951753 35
1607827250358 1242.4667835919454 36
1607827250359 1234.140128513651 37
1607827250361 1224.4909347215657 38
1607827250362 1217.4320759263817 39
1607827250364 1209.7161361186163 40
1607827250365 1200.1246880987114 41
1607827250366 1194.0605360453387 42
1607827250368 1188.278437823453 43
1607827250369 1184.4420251939289 44
1607827250370 1175.0775285179304 45
1607827250372 1170.986437509643 46
1607827250373 1163.8451775518947 47
1607827250375 1158.321144428976 48
1607827250376 1153.7587104195882 49
1607827250377 1147.1793539321925 50
1607827250379 1140.05489598728 51
1607827250380 1134.0863868336016 52
1607827250382 1127.7292179254985 53
1607827250383 1122.970660978429 54
1607827250384 1117.365611610789 55
1607827250386 1112.5256907027708 56
1607827250387 1108.5497446030902 57
1607827250388 1104.0506376869369 58
1607827250390 1098.710482623169 59
1607827250391 1092.2155225505257 60
1607827250393 1088.720556703933 61
1607827250394 1083.3903902601646 62
1607827250395 1077.328420259308 63
1607827250397 1072.0707825586846 64
1607827250398 1068.9869330182657 65
1607827250400 1064.2609521481784 66
1607827250401 1060.253055182864 67
1607827250402 1055.622445532149 68
1607827250404 1052.268905146729 69
1607827250405 1046.6948131926627 70
1607827250407 1042.8790547693684 71
1607827250408 1039.455606681209 72
1607827250409 1035.3629532284979 73
1607827250411 1029.841446692194 74
1607827250412 1025.78495857789 75
1607827250413 1022.1383896293943 76
1607827250415 1020.0021187394635 77
1607827250416 1016.7753881763862 78
1607827250417 1014.7806850365123 79
1607827250419 1010.7788701811957 80
1607827250420 1006.8634589480267 81
1607827250422 1003.816603259562 82
1607827250423 1001.2903757149246 83
1607827250424 994.1156523674941 84
1607827250426 991.7976805274276 85
1607827250427 990.3997252105383 86
1607827250428 987.0461781315377 87
1607827250430 984.1260614400964 88
1607827250431 980.004889336264 89
1607827250433 978.8908198664572 90
1607827250434 977.223490209823 91
1607827250435 974.4203321611757 92
1607827250437 971.5106934842061 93
1607827250438 965.388059507937 94
1607827250440 963.1509680115996 95
1607827250441 961.1981309447782 96
1607827250442 957.4383105863841 97
1607827250444 955.0207562529209 98
1607827250445 954.0973686856122 99
1607827250446 952.1994528060012 100
1607827250448 950.148798182686 101
1607827250449 947.5976283669511 102
1607827250450 945.3024927141267 103
1607827250452 943.4681505027625 104
1607827250453 940.6809048783508 105
1607827250455 936.0763332826442 106
1607827250456 931.7161607442457 107
1607827250457 930.3675905749402 108
1607827250459 929.5463129938344 109
1607827250460 926.2041602191529 110
1607827250462 924.5412743880064 111
1607827250463 920.8083755903017 112
1607827250464 917.6415440631565 113
1607827250466 912.6420719573423 114
1607827250467 908.7692609437129 115
1607827250468 906.9660092508892 116
1607827250470 906.0515988151043 117
1607827250471 904.1994215338368 118
1607827250473 901.6751601282488 119
1607827250474 899.475758084181 120
1607827250475 897.2266654648862 121
1607827250477 892.5972541314297 122
1607827250478 888.7717186763164 123
1607827250479 886.2369052683136 124
1607827250481 883.8157137454981 125
1607827250482 881.7033624385369 126
1607827250484 879.208757695293 127
1607827250485 876.3189239906752 128
1607827250486 873.4408186564717 129
1607827250488 871.3698951262733 130
1607827250489 868.6865886599012 131
1607827250491 865.8296018205458 132
1607827250492 863.7886032672551 133
1607827250493 861.3162997228669 134
1607827250495 858.8112511114537 135
1607827250496 857.9562599232975 136
1607827250497 854.4239101398991 137
1607827250499 851.7816454745046 138
1607827250500 850.115200711436 139
1607827250502 846.3306899317103 140
1607827250503 843.7275742740663 141
1607827250504 841.4389338836519 142
1607827250506 839.1158540036987 143
1607827250507 836.8253510380724 144
1607827250508 831.0442942537502 145
1607827250510 828.9711181199792 146
1607827250511 826.0265041314757 147
1607827250513 824.9981277879405 148
1607827250514 822.4503075514469 149
1607827250515 819.1247056245262 150
1607827250517 817.3915295522651 151
1607827250518 816.5860602565499 152
1607827250519 815.9406256328418 153
1607827250521 812.7409465256239 154
1607827250522 811.3479663223715 155
1607827250524 809.319451747668 156
1607827250525 808.1616675937579 157
1607827250526 804.2885275312966 158
1607827250528 801.5539551193552 159
1607827250529 800.5436859067327 160
1607827250531 797.1796399244873 161
1607827250532 794.9021630158029 162
1607827250533 791.9775408269204 163
1607827250535 790.770052229613 164
1607827250536 789.1202803854546 165
1607827250537 788.3259368077083 166
1607827250539 785.5313564045549 167
1607827250540 782.9209868619073 168
1607827250542 780.7985985623311 169
1607827250543 776.2082514828501 170
1607827250544 774.1658161248802 171
1607827250546 772.1877935396224 172
1607827250547 770.153490921873 173
1607827250549 766.8740742442379 174
1607827250550 763.896376774926 175
1607827250551 760.6187229571028 176
1607827250553 759.2371757250874 177
1607827250554 757.5853524273125 178
1607827250555 755.9361543153312 179
1607827250557 754.5734887016413 180
1607827250558 754.126352022288 181
1607827250560 753.5639342745435 182
1607827250561 751.9843893414353 183
1607827250562 750.0311877176321 184
1607827250564 749.136040470826 185
1607827250565 747.4397920136887 186
1607827250567 744.8802939398001 187
1607827250568 742.4425777122425 188
1607827250569 740.5790772626999 189
1607827250571 739.8696122012035 190
1607827250572 738.5958925342427 191
1607827250574 736.5915237160857 192
1607827250575 735.4560729656832 193
1607827250576 734.6390712447844 194
1607827250578 731.5929694986261 195
1607827250579 730.4911503655949 196
1607827250580 729.2422502985031 197
1607827250582 727.1534197890662 198
1607827250583 726.0761641024171 199
1607827250585 725.3308739006031 200
1607827250586 723.6673332136613 201
1607827250587 722.8545183191068 202
1607827250589 719.3079987664145 203
1607827250590 718.0609222089655 204
1607827250591 715.1074588341322 205
1607827250593 713.103318855265 206
1607827250594 712.0315331639468 207
1607827250596 710.0445444859932 208
1607827250597 708.9590697226544 209
1607827250598 708.1905047112394 210
1607827250600 707.1741150028064 211
1607827250601 706.1375520019903 212
1607827250602 703.7452928452575 213
1607827250604 701.9894346607202 214
1607827250605 700.8864970040014 215
1607827250607 699.6817103386103 216
1607827250608 696.5970245193429 217
1607827250609 694.5563079939831 218
1607827250611 692.9789212430089 219
1607827250612 689.5063430486092 220
1607827250614 687.725376976311 221
1607827250615 686.587413427996 222
1607827250616 684.6618779960546 223
1607827250618 683.2554666114195 224
1607827250619 682.2510013898454 225
1607827250620 680.003514888144 226
1607827250622 678.5012506707459 227
1607827250623 678.1618162963674 228
1607827250624 677.037323998068 229
1607827250626 676.3170897826648 230
1607827250627 675.2109923592325 231
1607827250629 674.0183883091988 232
1607827250630 672.9880673383001 233
1607827250631 672.0321335476183 234
1607827250633 670.3925827524745 235
1607827250634 669.6924106456515 236
1607827250635 667.9069618952936 237
1607827250637 666.3419538877769 238
1607827250638 664.3654705862017 239
1607827250640 662.1892158160979 240
1607827250642 660.1623245286502 241
1607827250643 658.453249809047 242
1607827250644 657.2658344531062 243
1607827250646 654.5858633193768 244
1607827250647 654.1766128898853 245
1607827250648 652.4207142725872 246
1607827250650 651.1183677549495 247
1607827250651 649.8533395099536 248
1607827250653 647.6272806169922 249
1607827250654 646.2953962974741 250
1607827250655 645.0881025896402 251
1607827250657 643.5864360672825 252
1607827250658 641.2542567348266 253
1607827250659 639.9263379948517 254
1607827250661 638.1956927932333 255
1607827250662 637.0909178409521 256
1607827250664 636.2947467391767 257
1607827250665 635.0952543045671 258
1607827250666 632.8282742244152 259
1607827250668 631.5042462575692 260
1607827250669 629.2708837838245 261
1607827250670 627.5513700781953 262
1607827250672 625.9501337063771 263
1607827250673 625.3413284773964 264
1607827250675 623.6024850831659 265
1607827250676 622.2806318213193 266
1607827250678 620.0647652139749 267
1607827250679 619.5588524641091 268
1607827250680 617.7998567058997 269
1607827250682 617.3216311666057 270
1607827250683 616.3539950719842 271
1607827250684 615.4835525590074 272
1607827250686 614.6256604697771 273
1607827250687 614.189736553286 274
1607827250689 613.5645466668067 275
1607827250690 612.0961112124672 276
1607827250691 610.9687768292652 277
1607827250693 610.4813167804962 278
1607827250694 608.647619465926 279
1607827250695 606.6601042529412 280
1607827250697 605.8160343532986 281
1607827250698 604.0941909892729 282
1607827250699 601.0284070525968 283
1607827250701 600.1618128154047 284
1607827250702 599.8516021229769 285
1607827250704 599.1985427346367 286
1607827250705 597.4094594361454 287
1607827250706 596.1806649509882 288
1607827250708 595.473473427262 289
1607827250709 594.3896868299177 290
1607827250711 592.8171619363014 291
1607827250712 591.4463665710316 292
1607827250713 588.7824822404988 293
1607827250715 586.9593886378115 294
1607827250716 585.4886133042771 295
1607827250717 583.8258654615456 296
1607827250719 582.185516978746 297
1607827250720 581.670520335846 298
1607827250721 580.8287882086604 299
1607827250723 579.4337006774927 300
1607827250724 578.1396701845858 301
1607827250726 575.224411098797 302
1607827250727 574.405417975832 303
1607827250728 572.9497452009448 304
1607827250730 571.5100230099591 305
1607827250731 569.690962016299 306
1607827250732 568.2237598421791 307
1607827250734 567.1843920565472 308
1607827250735 566.3154409946137 309
1607827250737 564.9076132503925 310
1607827250738 564.360572824414 311
1607827250739 562.3138086400168 312
1607827250741 560.9262967378627 313
1607827250742 559.6426448129281 314
1607827250743 556.9271618365495 315
1607827250745 555.7953698734581 316
1607827250746 554.7627393514217 317
1607827250748 553.994320403299 318
1607827250749 552.6186941014173 319
1607827250750 551.5544301749865 320
1607827250752 551.0707866394365 321
1607827250753 549.6737851568347 322
1607827250754 547.8609850561115 323
1607827250756 546.9361925519726 324
1607827250757 545.8865993784085 325
1607827250759 543.7149980085723 326
1607827250760 542.3500766929011 327
1607827250761 541.846875843606 328
1607827250763 541.2092451420203 329
1607827250764 540.3947610576489 330
1607827250766 538.8973498977203 331
1607827250767 538.3303248109011 332
1607827250768 537.6202077470083 333
1607827250770 536.7591237724852 334
1607827250771 536.0727033486636 335
1607827250773 535.1385869668655 336
1607827250774 534.1500435336623 337
1607827250775 533.6217447937147 338
1607827250777 532.7513730164025 339
1607827250778 531.9719353150297 340
1607827250780 531.4030071393039 341
1607827250781 530.0234313225004 342
1607827250782 528.6013345515468 343
1607827250784 526.8447376163625 344
1607827250785 525.6801788494993 345
1607827250787 523.2681605675577 346
1607827250788 521.8322812260782 347
1607827250790 520.8773511642006 348
1607827250791 519.05747265028 349
1607827250792 518.210409690556 350
1607827250794 517.8472671235047 351
1607827250795 517.0864653192608 352
1607827250797 515.8841746225494 353
1607827250798 514.4145681737945 354
1607827250799 513.0704235871416 355
1607827250801 511.7611876406705 356
1607827250802 510.1779672435452 357
1607827250803 508.7176389582139 358
1607827250805 507.5324689136074 359
1607827250806 506.4545660092532 360
1607827250808 504.60993560079675 361
1607827250809 503.92709074115953 362
1607827250810 503.56826767682395 363
1607827250812 501.2003870515461 364
1607827250813 499.77992913272783 365
1607827250815 498.8218818791322 366
1607827250816 498.1777362003237 367
1607827250818 497.73238319102484 368
1607827250819 497.2662381802315 369
1607827250820 496.7203078063551 370
1607827250822 495.6736222178596 371
1607827250823 495.1396274902503 372
1607827250824 494.8912537781316 373
1607827250826 493.5459524812453 374
1607827250827 492.5903052947797 375
1607827250829 490.9861346731225 376
1607827250830 489.99255351916315 377
1607827250831 487.9895812256534 378
1607827250833 486.82201051156875 379
1607827250834 486.23281162951446 380
1607827250836 485.07932947166705 381
1607827250837 484.1696984619635 382
1607827250838 483.2518971887237 383
1607827250840 482.4375678017353 384
1607827250841 480.2474909351709 385
1607827250843 479.27671571602093 386
1607827250844 477.53120802168706 387
1607827250845 476.9586663758225 388
1607827250847 475.2062251051052 389
1607827250848 474.60069880937823 390
1607827250849 473.3596671384734 391
1607827250851 472.5152573021087 392
1607827250852 471.31860699868224 393
1607827250854 470.9863709915382 394
1607827250855 469.59118637137004 395
1607827250856 468.7251929557099 396
1607827250858 468.49885733607624 397
1607827250859 467.8038142453795 398
1607827250861 466.9880388810455 399
1607827250862 466.43656814206463 400
1607827250863 464.0274359838066 401
1607827250865 462.68023629346294 402
1607827250866 461.9733371252316 403
1607827250867 461.0732731152137 404
1607827250869 460.4708137218947 405
1607827250870 459.9790594382135 406
1607827250872 459.51504571386045 407
1607827250873 457.38644378240514 408
1607827250874 455.437691386551 409
1607827250876 454.2288841274671 410
1607827250877 454.0569916666636 411
1607827250879 453.41183090302724 412
1607827250880 453.0175942443591 413
1607827250881 452.507907044497 414
1607827250883 451.4563017604228 415
1607827250884 450.7239207150226 416
1607827250885 449.95653438611885 417
1607827250887 448.3560949775542 418
1607827250888 447.54007482760835 419
1607827250890 446.14815577566804 420
1607827250891 445.2697977341009 421
1607827250892 444.3582799999431 422
1607827250894 443.0683948072469 423
1607827250895 441.4098108073911 424
1607827250897 440.2328790990137 425
1607827250898 439.85888155939347 426
1607827250900 438.9979949776564 427
1607827250901 438.6264364659832 428
1607827250903 437.2407452039847 429
1607827250904 435.6741479739261 430
1607827250905 434.53655538730993 431
1607827250907 433.78067521962424 432
1607827250908 432.73284384914854 433
1607827250910 431.6090386645132 434
1607827250911 431.3494722555601 435
1607827250912 430.85701027972124 436
1607827250914 430.0160136891038 437
1607827250915 429.09623514263086 438
1607827250917 428.22959976071735 439
1607827250918 427.5555509094466 440
1607827250919 426.05979893657326 441
1607827250921 425.24400354653494 442
1607827250922 424.7975771588816 443
1607827250924 423.5711708534464 444
1607827250925 422.9434633076664 445
1607827250926 422.34531664822515 446
1607827250928 421.68008769197473 447
1607827250929 420.34494818001235 448
1607827250930 418.93538537058436 449
1607827250932 418.2428458726126 450
1607827250933 416.92428638397047 451
1607827250935 415.377574925166 452
1607827250936 414.6894047797979 453
1607827250937 413.69504893571747 454
1607827250939 413.3767449104732 455
1607827250940 412.9681600452057 456
1607827250942 411.3951633215431 457
1607827250943 409.786619702456 458
1607827250944 409.29613063056996 459
1607827250946 408.5873513759652 460
1607827250947 407.86106543241067 461
1607827250949 406.85255317859816 462
1607827250950 406.47074550630265 463
1607827250951 405.80764869988946 464
1607827250953 405.3984272089001 465
1607827250954 404.4197884893257 466
1607827250955 403.1014438938198 467
1607827250957 402.3394235823787 468
1607827250958 402.09005443567753 469
1607827250960 401.08502172978996 470
1607827250961 400.77016811759233 471
1607827250962 400.30264916498817 472
1607827250964 398.92653177607417 473
1607827250965 397.99717664823635 474
1607827250967 396.91895844625645 475
1607827250968 396.4767773715636 476
1607827250969 395.56258635813793 477
1607827250971 394.2298759525703 478
1607827250972 393.11842344122033 479
1607827250974 392.9126471108794 480
1607827250975 392.3038267500291 481
1607827250976 391.76668960551996 482
1607827250978 391.1831605080585 483
1607827250979 390.2029286607371 484
1607827250980 389.9493667790521 485
1607827250982 389.0927262980138 486
1607827250983 388.3708258142026 487
1607827250985 388.0147371684053 488
1607827250986 387.55913663777795 489
1607827250987 387.0441980680792 490
1607827250989 386.46090887476606 491
1607827250990 385.7944525872027 492
1607827250992 385.0095323652823 493
1607827250993 384.115679186265 494
1607827250994 383.4767090093587 495
1607827250996 382.59656198266134 496
1607827250997 381.91056722818934 497
1607827250998 380.7538717262655 498
1607827251000 380.415161018744 499
1607827251001 379.7608341279476 500
1607827251003 379.0682706915223 501
1607827251004 378.73381082406405 502
1607827251005 377.84248409259857 503
1607827251007 377.1214045439426 504
1607827251008 376.67524370931324 505
1607827251010 376.0636072223186 506
1607827251011 374.8912492464797 507
1607827251012 374.065337620396 508
1607827251014 373.54813334122645 509
1607827251015 373.1503864463878 510
1607827251017 372.4768621164549 511
1607827251018 371.95886900353554 512
1607827251019 370.70157379187646 513
1607827251021 370.01729789642013 514
1607827251022 369.18677240367737 515
1607827251024 368.0536840367306 516
1607827251025 367.63037338976517 517
1607827251026 366.5317003410811 518
1607827251028 365.6035362322839 519
1607827251029 364.5341624946634 520
1607827251030 363.8584595317997 521
1607827251032 362.99222393103713 522
1607827251033 362.3385873681333 523
1607827251035 362.0443008090067 524
1607827251036 360.4100634877889 525
1607827251037 360.15683544994664 526
1607827251039 359.47715925689505 527
1607827251040 359.2182315864207 528
1607827251042 357.85896365060484 529
1607827251043 357.15896724429854 530
1607827251044 357.006436924064 531
1607827251046 356.0205398440166 532
1607827251047 355.61063813724587 533
1607827251048 355.0780856452128 534
1607827251050 354.2766246359132 535
1607827251051 353.210251980292 536
1607827251053 352.8259022945022 537
1607827251054 352.38581974903013 538
1607827251055 351.91737302991106 539
1607827251057 350.83455489910284 540
1607827251058 350.04280209508005 541
1607827251060 349.4353978379024 542
1607827251061 348.6346009768945 543
1607827251062 347.95874983537135 544
1607827251064 347.5909977076548 545
1607827251065 347.1373584547404 546
1607827251067 346.01450624228426 547
1607827251068 345.2849065511989 548
1607827251069 344.6155888001137 549
1607827251071 343.90288470243667 550
1607827251075 418.2428458726126 551
