1607828060292 1942.2405502817742 0
1607828060294 1919.412989758487 1
1607828060296 1896.964722997427 2
1607828060298 1877.1173442028776 3
1607828060300 1857.5022198493514 4
1607828060302 1839.6877821219216 5
1607828060303 1821.1082023816489 6
1607828060305 1803.5274569624892 7
1607828060306 1786.5379477583292 8
1607828060308 1768.5469983035794 9
1607828060310 1752.5649491096217 10
1607828060311 1736.361711097364 11
1607828060312 1720.3154348253136 12
1607828060314 1703.7900211244385 13
1607828060315 1690.2171596964652 14
1607828060317 1675.544219133342 15
1607828060318 1661.7761345147387 16
1607828060320 1649.8548113959403 17
1607828060321 1635.3787800525806 18
1607828060323 1623.6989768740027 19
1607828060324 1611.724700178725 20
1607828060326 1598.2746840566363 21
1607828060327 1584.9655032970963 22
1607828060329 1572.9406381943986 23
1607828060330 1560.0585411209468 24
1607828060332 1547.6459000648633 25
1607828060334 1537.353949081082 26
1607828060335 1525.1806343193357 27
1607828060337 1513.9132897810398 28
1607828060338 1504.5424402881972 29
1607828060340 1495.0665003445608 30
1607828060341 1484.5953076660987 31
1607828060343 1475.919787167106 32
1607828060345 1467.1018307216063 33
1607828060346 1459.1389741899259 34
1607828060348 1451.2234030221075 35
1607828060350 1441.6909924217523 36
1607828060351 1433.7437269736938 37
1607828060352 1423.4249065995966 38
1607828060354 1414.95803434307 39
1607828060355 1405.8544899895667 40
1607828060357 1398.2022684898734 41
1607828060358 1390.341995691784 42
1607828060360 1383.0146684087347 43
1607828060361 1375.9172038190993 44
1607828060363 1368.4444479400609 45
1607828060364 1361.5804652330764 46
1607828060366 1355.6344746466245 47
1607828060367 1346.9057178502012 48
1607828060368 1341.3168772485733 49
1607828060370 1335.716827429947 50
1607828060371 1328.5213251715484 51
1607828060373 1323.3987526360008 52
1607828060374 1317.2214213934242 53
1607828060376 1312.1341894341424 54
1607828060377 1306.1746580820884 55
1607828060379 1299.3163505225968 56
1607828060380 1294.2806387130715 57
1607828060381 1289.3389080818354 58
1607828060383 1283.8249240357443 59
1607828060384 1277.8025066527873 60
1607828060386 1273.7848248840878 61
1607828060387 1268.274557540438 62
1607828060389 1262.653090861611 63
1607828060390 1256.4505454201067 64
1607828060392 1250.898266641967 65
1607828060393 1246.621989953696 66
1607828060394 1240.6407624714202 67
1607828060396 1235.909982743619 68
1607828060397 1230.6420665868297 69
1607828060399 1225.6860534282278 70
1607828060400 1221.0005648656906 71
1607828060402 1215.3003834739256 72
1607828060403 1211.4240675817127 73
1607828060405 1205.4481258081632 74
1607828060406 1200.8568685736686 75
1607828060407 1196.4421270676187 76
1607828060409 1191.2517114224236 77
1607828060410 1186.1304729673204 78
1607828060412 1181.4192477916406 79
1607828060413 1177.538102224757 80
1607828060415 1173.8383085729906 81
1607828060416 1170.2583074430622 82
1607828060418 1166.335544094044 83
1607828060419 1162.784942405786 84
1607828060420 1157.8747493511821 85
1607828060422 1154.3208639682862 86
1607828060423 1151.2104695531596 87
1607828060425 1146.8129368153857 88
1607828060426 1142.5463480642052 89
1607828060428 1139.4887878034747 90
1607828060429 1135.6014919911547 91
1607828060431 1131.3220030255798 92
1607828060432 1127.0991065373573 93
1607828060434 1125.0360331852587 94
1607828060435 1122.63539549392 95
1607828060436 1119.1234840886464 96
1607828060438 1117.0773617787106 97
1607828060439 1114.7147033272631 98
1607828060441 1112.3881698073285 99
1607828060442 1110.247979303669 100
1607828060444 1106.7391996028923 101
1607828060445 1104.4408727515336 102
1607828060447 1101.1815179764653 103
1607828060448 1097.8974696913892 104
1607828060450 1095.6660459472155 105
1607828060451 1092.802412883297 106
1607828060452 1090.7358005201054 107
1607828060454 1087.0894278266046 108
1607828060455 1082.99787659152 109
1607828060457 1079.359813949918 110
1607828060458 1076.7512294791416 111
1607828060460 1074.5636919508104 112
1607828060461 1072.9812452151587 113
1607828060463 1070.2116726133688 114
1607828060464 1068.4163754152514 115
1607828060465 1065.386584006928 116
1607828060467 1062.3150575359207 117
1607828060468 1060.1154474080206 118
1607828060470 1057.8575469260063 119
1607828060471 1055.3779731935613 120
1607828060473 1053.175153501508 121
1607828060474 1050.7143834141907 122
1607828060475 1049.2016365079471 123
1607828060477 1046.029294451623 124
1607828060478 1043.5686515275802 125
1607828060480 1041.072430614792 126
1607828060481 1037.973324518469 127
1607828060483 1035.8613272006876 128
1607828060484 1031.938390490586 129
1607828060486 1029.4513009302943 130
1607828060487 1028.411095569936 131
1607828060488 1025.6518795932163 132
1607828060490 1023.5760476316569 133
1607828060492 1022.2115615057006 134
1607828060493 1018.2758882400465 135
1607828060495 1017.189910927142 136
1607828060496 1014.8929832412266 137
1607828060497 1012.407854647799 138
1607828060499 1011.000736494846 139
1607828060500 1007.1282573850916 140
1607828060502 1005.0209461599047 141
1607828060503 1003.4957498484893 142
1607828060505 1002.4298539110955 143
1607828060506 999.5457982176139 144
1607828060507 997.7106877306393 145
1607828060509 996.6857771764169 146
1607828060510 994.8938335755938 147
1607828060512 991.8831621779368 148
1607828060513 988.9016455791768 149
1607828060515 985.9922499511054 150
1607828060516 983.5592359839952 151
1607828060518 981.3563629761974 152
1607828060519 979.9627527592584 153
1607828060520 978.5240447868896 154
1607828060522 977.5411137129148 155
1607828060523 975.3816815887075 156
1607828060525 974.2743186731828 157
1607828060526 971.0003853219431 158
1607828060528 969.1046329099782 159
1607828060529 967.86616977076 160
1607828060531 965.3488537952854 161
1607828060532 964.7871281239326 162
1607828060533 964.136875656817 163
1607828060535 962.5959005816668 164
1607828060536 960.218821337851 165
1607828060538 959.4571685345226 166
1607828060539 957.043940983672 167
1607828060541 954.8774503580343 168
1607828060542 953.4154724613167 169
1607828060544 952.1399147066356 170
1607828060545 949.2118143722649 171
1607828060546 947.9582537831022 172
1607828060548 944.9572172656343 173
1607828060549 943.2673232439821 174
1607828060551 941.3853780560769 175
1607828060552 940.5147525763819 176
1607828060554 938.4334892752191 177
1607828060555 937.0356211742103 178
1607828060557 936.0256382785094 179
1607828060558 932.95917722783 180
1607828060559 931.4259704124042 181
1607828060561 929.978628855382 182
1607828060562 929.4080800810397 183
1607828060564 928.7929361398865 184
1607828060565 926.5525602722845 185
1607828060567 924.7564955438687 186
1607828060568 923.7973391306475 187
1607828060570 922.0416262146435 188
1607828060571 920.6984849539137 189
1607828060572 919.6124790745757 190
1607828060574 917.1554005561397 191
1607828060575 916.0509024637855 192
1607828060577 913.9802853762565 193
1607828060578 912.9610031020331 194
1607828060580 912.6113943673465 195
1607828060581 911.1448300957869 196
1607828060582 910.2009549585404 197
1607828060584 908.6582389236603 198
1607828060585 907.1678733111173 199
1607828060587 906.2861387434386 200
1607828060588 905.5259488966193 201
1607828060590 903.4933620227207 202
1607828060591 902.2976220296724 203
1607828060593 900.8843578410407 204
1607828060594 899.4794684764472 205
1607828060595 898.0711632065925 206
1607828060597 894.6872174929675 207
1607828060598 891.2986854772821 208
1607828060600 890.1890429568 209
1607828060601 888.408790156653 210
1607828060603 885.1310361648423 211
1607828060604 883.8704509457682 212
1607828060606 881.6507717588773 213
1607828060607 880.5065881109052 214
1607828060608 879.0385141204322 215
1607828060610 877.0849577151819 216
1607828060611 874.3581197281075 217
1607828060613 873.1672482816131 218
1607828060614 872.1399080121433 219
1607828060616 871.5838040427511 220
1607828060617 868.8113029116981 221
1607828060619 867.8681431096198 222
1607828060620 865.8043917973195 223
1607828060621 864.4299625661455 224
1607828060623 863.7430097640527 225
1607828060624 862.4163962369299 226
1607828060626 861.2586910649829 227
1607828060627 860.6779407861114 228
1607828060629 860.2514344430789 229
1607828060630 857.4433456450633 230
1607828060632 856.0224200818778 231
1607828060633 853.8382722394011 232
1607828060634 852.081517995604 233
1607828060636 850.0927209299807 234
1607828060637 848.7788775939415 235
1607828060639 848.0922172521236 236
1607828060640 845.347663199412 237
1607828060642 844.532636993469 238
1607828060643 843.6789388489541 239
1607828060644 843.0271121052141 240
1607828060646 841.8375747567296 241
1607828060647 839.8749335633014 242
1607828060649 839.0273132309695 243
1607828060650 837.5317364273202 244
1607828060652 836.4132155389887 245
1607828060653 835.5118326800362 246
1607828060655 833.5695283666018 247
1607828060656 831.7630229654561 248
1607828060658 831.1543985277007 249
1607828060659 830.0776554821878 250
1607828060660 829.0272228397748 251
1607828060662 827.5865712677527 252
1607828060663 825.3754148641764 253
1607828060665 823.9678926063965 254
1607828060666 822.5965307802769 255
1607828060668 821.421772051998 256
1607828060669 819.5355560294618 257
1607828060670 817.9489316707854 258
1607828060672 816.5576823134579 259
1607828060673 815.1332170674325 260
1607828060675 814.622185076225 261
1607828060676 813.9349304762546 262
1607828060678 811.8578640219717 263
1607828060679 809.3785082958531 264
1607828060681 806.8188750280266 265
1607828060682 805.0658917159592 266
1607828060683 803.7851907084242 267
1607828060685 802.3517301743243 268
1607828060686 801.4441964991709 269
1607828060688 800.0906986182692 270
1607828060689 799.3271709956657 271
1607828060691 797.9078188009131 272
1607828060692 796.4394593722426 273
1607828060694 794.0068645969984 274
1607828060695 793.1476162555606 275
1607828060696 791.9335419744249 276
1607828060698 790.7170813597724 277
1607828060699 788.8626962573962 278
1607828060701 788.1836480205264 279
1607828060702 785.6039049563458 280
1607828060704 784.6503710516753 281
1607828060705 782.9450986234724 282
1607828060707 782.3196447247963 283
1607828060708 781.4550533704196 284
1607828060709 781.0854019618661 285
1607828060711 779.0416696121721 286
1607828060712 777.011622766118 287
1607828060714 775.7186848209066 288
1607828060715 774.8365844706539 289
1607828060717 773.5328488536214 290
1607828060718 772.3435840322072 291
1607828060719 771.8104713960594 292
1607828060721 770.7754591767537 293
1607828060722 770.3901707760336 294
1607828060724 769.9572587589779 295
1607828060725 769.1579622280979 296
1607828060727 767.4949833762173 297
1607828060728 766.6282331330953 298
1607828060730 765.4971159342123 299
1607828060731 762.8616314373994 300
1607828060732 762.1221889627014 301
1607828060734 760.6657267067276 302
1607828060735 759.1947383185357 303
1607828060737 757.872398517199 304
1607828060738 756.4393201954441 305
1607828060739 755.753457891895 306
1607828060741 755.234526885662 307
1607828060742 753.7640430086352 308
1607828060744 752.7851872450959 309
1607828060745 751.2345749021008 310
1607828060747 750.8180710961593 311
1607828060748 750.259221382153 312
1607828060750 749.3657215085627 313
1607828060751 747.8809641264138 314
1607828060752 745.7145135799121 315
1607828060754 744.9568832051327 316
1607828060755 742.6128806345114 317
1607828060757 741.016622705017 318
1607828060758 740.1519350497523 319
1607828060760 739.016434780943 320
1607828060761 738.1256058657063 321
1607828060763 737.5027417154919 322
1607828060764 736.3977304925886 323
1607828060765 734.7615525683581 324
1607828060767 733.3217925669232 325
1607828060768 731.6161779863437 326
1607828060770 730.8861686171114 327
1607828060771 729.3018855847298 328
1607828060773 728.3487512012059 329
1607828060774 727.0600333017655 330
1607828060776 725.874809676199 331
1607828060777 724.4375706780097 332
1607828060779 722.9580659229869 333
1607828060780 721.05151137585 334
1607828060781 719.6357365693336 335
1607828060783 718.4609661686018 336
1607828060784 717.0409515609014 337
1607828060786 716.5327415805826 338
1607828060787 715.1087629619702 339
1607828060789 714.6216727273951 340
1607828060790 713.7697746775416 341
1607828060792 712.1208725606921 342
1607828060793 711.1826912639928 343
1607828060794 709.9437536118575 344
1607828060796 708.3435149539741 345
1607828060797 705.8275552132293 346
1607828060799 705.4532560088678 347
1607828060800 705.1223426233428 348
1607828060802 704.4744861655921 349
1607828060803 703.3461606034108 350
1607828060805 701.4666670467724 351
1607828060806 700.4166991716559 352
1607828060807 699.6001058031623 353
1607828060809 698.620419855357 354
1607828060810 696.8826007402009 355
1607828060812 696.2646005490931 356
1607828060813 695.6291264998817 357
1607828060815 694.8546802909555 358
1607828060816 694.3650327125722 359
1607828060818 693.4180079236398 360
1607828060822 815.1332170674325 361
